site,A,C,D,E,F,G,H,I,K,L,M,N,P,Q,R,S,T,V,W,Y
1,0.005441640166563961,0.006724033674948509,0.010986772264942792,0.008811183820197153,0.005419196116977107,0.004661101265602233,0.003515838320716283,0.16649246280420257,0.003941910612248512,0.0008846860884207246,0.3895530944880842,0.015121097764938111,0.0012024715422206877,0.004918847798077096,0.0013243887452171587,0.004406437333324379,0.3080172439251639,0.023492445268380676,0.01983681304876232,0.015248334951011662
2,0.007499681441113593,0.015637399377044964,0.01787157475569709,0.019972711974087145,0.01850513324809644,0.03726369391495199,0.018363254934759102,0.013897479539865606,0.015244411292841091,0.009227695039209062,0.02369757791622669,0.017716374957358987,0.00875041717754611,0.022641661958206303,0.629914065561228,0.021213257129404122,0.008679361303100635,0.013209691659123569,0.05399851323061565,0.02669604358952373
3,0.006983621926196869,0.728856792055109,0.023783224260584088,0.0177892126141553,0.014658297254260407,0.008601847250308723,0.010226487447039408,0.010945060919154122,0.012238045236655065,0.00471834167945374,0.023576365742445433,0.010281940582070619,0.003856446837768739,0.012922809073865605,0.009667943806377529,0.019362441308334706,0.00774875517861907,0.00648574981814606,0.013184664986946256,0.05411195202250926
4,0.01208065444714998,0.021546868120400527,0.023507118991895552,0.01830807704885379,0.03074963252024201,0.01479479088093538,0.013682353709030974,0.5051292298515578,0.016782311317345203,0.016893914787992445,0.0384453457539143,0.04695514317096863,0.00685866121847368,0.022239900666195814,0.0058995330808756085,0.01788891326073709,0.032170489674752153,0.09280157532516285,0.04169774832670114,0.021567737846815146
5,0.005917647147206765,0.013409314331586026,0.018811544009369362,0.03473252670376049,0.013067864206386896,0.7812783418181043,0.008892577820841128,0.007169786859721391,0.007116386980367944,0.0037354062670272776,0.01690332542056538,0.010304888322217041,0.003810645095016618,0.013268596447815782,0.018819538900783927,0.004282316174392233,0.0041208068758567,0.010323940841871288,0.012951315585158994,0.011083230191950394
6,0.03422650300568838,0.015155583022467297,0.026961459900897638,0.01925957674751383,0.050451968204568313,0.01853908138205929,0.008591963189883459,0.02777748641642522,0.010113792882417087,0.02369954529871468,0.02186849162317563,0.009136121478673199,0.001895237045873846,0.012360039508768005,0.0030341194378943415,0.0031728883800958697,0.005373040657869193,0.6746811616518841,0.024126087030804426,0.009575853134326288
7,0.0009276806441451743,0.00023521033326768598,0.03407360816212845,0.0009723620822518928,0.0003041571233685647,0.04857096838039937,0.00034506128659571165,0.0002537752704034226,0.000246899437230399,8.270903660609535e-05,0.0006640325175351691,0.0036050440993993767,0.0021576053968534632,0.0016857027407191022,8.910894345294282e-05,0.009676744391040291,0.000645055527890953,0.0006766566554045464,0.0005017920225942751,0.894285825948713
8,0.009384408547913765,0.016029956195526322,0.029271846845669428,0.01962104639156481,0.011941397012671906,0.007334091488133293,0.009052719486775536,0.006448790586517594,0.031106689797689838,0.003845802044196052,0.02517916517753219,0.6950862775950032,0.0038116548975973288,0.01629498507572856,0.004856672984211369,0.022910091720976817,0.032369783294442796,0.00787732293439372,0.01771339200671243,0.029863905916743066
9,0.025138448511055286,0.01398403804057276,0.029384998535061744,0.020704162055095836,0.01647316322736767,0.03403473924516652,0.014709199870205483,0.012853976628911877,0.02006112139790206,0.0069233831730556,0.025627989000582784,0.011454597386234916,0.004527082007964859,0.020941997402280237,0.6551826906915124,0.016850743816203526,0.01017963978730877,0.014498630847216544,0.025280072793529163,0.021189325582771996
10,0.0031772091649822,0.010266698356886648,0.8324492671159732,0.018075858504616096,0.0072606745592157535,0.007413930199982089,0.01481618826104902,0.006423136417788648,0.006434330073205732,0.0029199313500736807,0.01589853629268305,0.016666400074596813,0.0019041048323965473,0.005198391463314239,0.0026531814761040465,0.002609477549751591,0.0036104240767481743,0.019528626327766148,0.015199192777020991,0.007494441125845223
11,0.00716879739396628,0.02694414160167783,0.017057167040109126,0.018037096405043345,0.6875887692979687,0.008145190411380692,0.011185768555587719,0.029837944412576502,0.013855000938359783,0.010124434589874621,0.031946961910842495,0.013098694008370083,0.004397357123539299,0.011335301375346192,0.005153720974461313,0.013781369116706918,0.005634040082942222,0.035382388091756256,0.019385542841754082,0.0299403138277366
12,0.03613174726340686,0.016455039374464273,0.016143649748072728,0.03009406562708729,0.014071645053967338,0.011768724461016958,0.010096114541617438,0.009958414189426905,0.011615239880680965,0.00572106183959716,0.06379049314794329,0.015615584550747047,0.0049863634827216705,0.014252765539014712,0.00504830408930478,0.004911652185290099,0.005068765736892801,0.6935623856726026,0.015178283738966371,0.015529699877178648
13,0.0058027543964872365,0.019599558161589002,0.005676384866280524,0.7063996754781782,0.017626569103473058,0.04032510548954961,0.01083106383353135,0.01564179145096021,0.01982738941487895,0.006623035357598983,0.02073556049353256,0.017870391321530135,0.0040943394273898525,0.018436261294070333,0.004818587922943385,0.0067578228074015615,0.0074232711100257545,0.022910538095770004,0.024556841036609194,0.024043058938200173
14,0.018063993223943815,0.008503492413027282,0.02953515876122027,0.024118727158058927,0.017650484129970983,0.6732653421158732,0.01342613760150459,0.01301567859662453,0.020145751471180365,0.004934640662040434,0.034524442952973626,0.015845006357967272,0.003535478671353392,0.018665666290642497,0.0037031601111959652,0.021026858562433453,0.00793770835924614,0.03038625922710006,0.025765117828306355,0.01595089550533682
15,0.005434449262999559,0.011215985903612611,0.010810236033752803,0.01253427614217712,0.011946635853610084,0.004528849421194916,0.011538523596977294,0.027276626962326463,0.006253279306911988,0.014095809720147616,0.5264995184838249,0.012702905249130063,0.004423529404298705,0.011742709360321539,0.007781780002589699,0.005092830261769072,0.0505326919289324,0.014381614062388689,0.23816406185576797,0.013043687187266525
16,0.007808543276438485,0.0030952623709566657,0.003391095275293257,0.0021812801332988887,0.0023372445492388103,0.0017675601585721093,0.002631728949174093,0.0019830347953347827,0.002900446838622108,0.005334795731395238,0.00805041908685753,0.0037934962052708124,0.0038022964456958077,0.0040235050764943995,0.004302505800451628,0.18180323535287063,0.747580286987158,0.0012284475228922136,0.0032373463067940974,0.008747469137190496
17,0.010753017537532867,0.013213044640962329,0.012020289908092553,0.007721242211584234,0.01945369497069249,0.7893063942992983,0.010521821920787018,0.007027664063700099,0.011601060120409836,0.003793945240691543,0.02220567897384782,0.010460278971347383,0.0033828622339154043,0.013196092258571832,0.007036341257821359,0.012052034568693,0.004934932795579618,0.019759775424028358,0.011662416931960962,0.009897411670483046
18,0.8439423706616912,0.0019298430439957564,0.003488274448688227,0.005091526210656629,0.0031391567218061306,0.10981642290166851,0.0024384388620274327,0.0026335865821536138,0.002077081027371004,0.0008349778602755855,0.007484495026252857,0.002979628974235238,0.0009445516600055079,0.0026381292253196617,0.0012027118932305032,0.0021175698180538995,0.001176084084079682,0.001396875821144852,0.0014938251927260246,0.0031744499846176723
19,0.057460338557190765,0.015319350839272616,0.013530717808240661,0.016327857008118722,0.012188664642517378,0.008035058650022665,0.009441698468615698,0.08474815675181738,0.013954742452666431,0.005571646653471282,0.021153015685936236,0.008834233660499867,0.007242119018971285,0.013774851028581147,0.004880536577331056,0.008814377298924682,0.652036004832028,0.009042892641337513,0.027553492124425878,0.010090245300030812
20,0.006443023516676678,0.021665565666596567,0.012298014615234481,0.010480263691749803,0.011995368399726189,0.006248586984730498,0.01155273974317457,0.009427891675087643,0.010509621095596961,0.0052989793770841205,0.01614932347585223,0.013273234328376194,0.005214685111199851,0.011071411317834814,0.02164446441123216,0.0050524794517381585,0.007319474948943403,0.008613102034062566,0.7920603626448858,0.013681407510217281
21,0.008643684336620569,0.0032918879089106567,0.0032008257494269303,0.004053252524445405,0.0064596133264673014,0.004123041693652468,0.0028038851611744886,0.7136056207147866,0.004302904468635432,0.02923545426869265,0.006902639052172043,0.006409439118146017,0.0007051495275126902,0.0037471478655663575,0.0011087779443929482,0.0012648100612137351,0.0017542129409787884,0.18413463272487776,0.008336209365387372,0.005916811246939835
22,0.012337506149498098,0.011846532307381339,0.7064180655132298,0.04643785937107217,0.0134954063748031,0.02283036004382541,0.015201246380084943,0.006745716421655868,0.012394993371026751,0.004616211568443624,0.018963777483071015,0.01777653395105294,0.0075562766832628124,0.019612983717710027,0.004386430592354399,0.0053907552781361145,0.0072109123999136255,0.008935037380476782,0.019118023897529892,0.03872537111547112
23,0.026107490231392035,0.009236145141614725,0.03701742009127475,0.008199783411779208,0.052357136917681214,0.004445894263016553,0.01217524397583899,0.025431056398387466,0.016721161133520682,0.018490786667608516,0.02545441698277987,0.013108426927146201,0.006743135524189677,0.024169952198798007,0.00538731825374067,0.004509724134312827,0.006070737250757166,0.6683099563622147,0.021673985492792636,0.01439022864115412
24,0.02537901832994666,0.015467063492380232,0.022095198657115993,0.011928013894616183,0.02602313153176512,0.031647968914384456,0.01791215223436101,0.07141644767577024,0.014599671670885607,0.013769900647454696,0.022419828952923968,0.018678540234321923,0.010054345935168846,0.022165802362792777,0.010593209026976358,0.0069646623205526425,0.007710393388161133,0.6028930719277144,0.030496409481470796,0.017785169321237044
25,0.007481475826960903,0.014377075978884489,0.016725798831389575,0.017660761137794294,0.00850819490319486,0.01763540883894343,0.017277444835618206,0.010837791261135241,0.01480746944160513,0.6939837208620268,0.0294682531876878,0.01893939586326022,0.0033403292592874287,0.012385538329474326,0.005613908871263506,0.02599235362051083,0.006776364381634619,0.03427087566327371,0.02802230848191937,0.015895530424135284
26,0.011786643601836202,0.029347604437576114,0.03680735041752594,0.6167709745992672,0.01584301795584838,0.04061384907241614,0.010048614917206888,0.008282871948319366,0.04935635366759414,0.005363455662763187,0.02610498017812941,0.009692526722795065,0.002865389896920405,0.0656247166698119,0.007697251613741587,0.004199105449913454,0.004929924553269523,0.01559565273025083,0.027433297507179752,0.011636418397634487
27,0.007705941398983717,0.013117934688008811,0.041639854871934695,0.022042354944850427,0.01653498734800466,0.03062402063348143,0.4878903656894616,0.020597217047037004,0.0350349512998311,0.11240045601610384,0.0299810189471777,0.01703903579191281,0.0037613995348982584,0.0331392540717001,0.0513969993734459,0.009111134474528949,0.005088339742828955,0.011309695500942086,0.02982750416770125,0.021757534457166716
28,0.43527767975920745,0.003544383659485557,0.004186520988895394,0.007459428907991344,0.003184343155227401,0.17630224864269334,0.003302685645446042,0.0017691899346586808,0.004716884980196509,0.000901825107155426,0.006535437207929886,0.0026736483228637603,0.0013223905781535325,0.005470641272120208,0.00835169246325348,0.3117732102605908,0.003088346059006314,0.004066715883301283,0.007252878455702306,0.00881984871612134
29,0.02438348529845145,0.5179485513060701,0.009011076534709594,0.004806586269282228,0.037775670065335325,0.10472115698266084,0.0019417662504350136,0.0018173128456990795,0.004372227127308843,0.16892946243062315,0.005590411422734478,0.0033195970235408005,0.0006720759462365462,0.0028630477661726714,0.0010872971855757972,0.05147210087089296,0.007165700845967784,0.0038746888157507975,0.0028127227098869614,0.045435062302665565
30,0.006789785648713536,0.6777018296291436,0.014021718517329605,0.01994219428317429,0.015523261061821577,0.010440909862848936,0.016891569629433605,0.010142449058005173,0.019617204855989872,0.005369411668519555,0.021380668289191208,0.016517315039289895,0.00504897832421168,0.015490199080726515,0.01468021347198296,0.03159490764983012,0.007037542585054433,0.007730410342271358,0.01959143132844436,0.06448799967401768
31,0.05057407880674052,0.011822414048279373,0.02361604037768991,0.006199437492896667,0.01732932166111215,0.003726768368935952,0.012241376254956656,0.022950116944069517,0.010885461512832168,0.009565425974248688,0.020247040228111045,0.01238523343976191,0.004128367182624431,0.012695489426668004,0.004993767134954766,0.050361692283134356,0.006646895506911424,0.6931429200709693,0.014782499872332008,0.011705653412771178
32,0.01371574002613894,0.008240963000518253,0.010582065190820436,0.017279084713171182,0.007726189227924735,0.006808639852804387,0.006525064530200499,0.019771084656379202,0.00912282697525392,0.003799974743893597,0.019951573754632534,0.009605618822157724,0.0028471314125653392,0.00912473008157209,0.003166066138630488,0.012610220316411761,0.8053148118766302,0.006082077353140446,0.015590748813656454,0.012135388513497766
33,0.016739337657692876,0.021413648597207836,0.011309027279061442,0.006649010335633137,0.010334342105611929,0.006331989897815252,0.01023998888557118,0.008918025114582171,0.011910023407360266,0.03880908708732091,0.34795356347551276,0.010980321903389326,0.006036106692874014,0.010257708803153713,0.005418262734737487,0.005923712222698981,0.008405414796702463,0.4341811922387935,0.01734114277060571,0.010848093993675152
34,0.012107991987441846,0.03238526266128437,0.022808789502619588,0.013813875394974712,0.018073940631839338,0.012215103439174903,0.040431804154265345,0.0074115411159222265,0.010183302861363215,0.011821606272775762,0.6599533604577243,0.014691506762077703,0.011819927404653693,0.022857018554646148,0.006425681840339598,0.00824547942952415,0.04085266458259285,0.02612324946608419,0.01645930050006901,0.011318592980626926
35,0.5843062966960959,0.02010257232218575,0.01650891069759761,0.0047398433497172765,0.019975303690510985,0.047434437800803954,0.010153667845633806,0.012638230414432431,0.014610311913262109,0.007487528865470489,0.026667049427212663,0.015846993563573844,0.007589495983680665,0.014598980201793893,0.007017369761018575,0.025877643682737032,0.078943447369045,0.023657316224666637,0.03854595897086455,0.02329864121969689
36,0.009118637266526668,0.039606097588676024,0.013895306575102103,0.13004878914258405,0.015082325394513528,0.002507523667276524,0.43578393573522134,0.02883394011642066,0.013309316975806538,0.007758155716785342,0.008040260808415358,0.014019438299884184,0.017999884833292394,0.09206933647084961,0.013554835067757239,0.005393583628512351,0.014081449828071106,0.003512616031354497,0.11798624972059153,0.017398317132358978
37,0.023586162277107366,0.010766866991013873,0.26009323662078015,0.06485674000071903,0.012014010787713476,0.48183061878660555,0.010190220496697506,0.010192494163134665,0.014393630222718867,0.011596973394065888,0.02313009686204067,0.0229038143736568,0.0041140203489364435,0.0117012822586069,0.004210491161466529,0.003431345501474449,0.0068109678859646465,0.0036656809810446576,0.016599122624270726,0.003912224261981759
38,0.005105582305891267,0.015191373737074534,0.01672045828203387,0.018637950840622263,0.013893838915356364,0.005958211733135165,0.009806816189064356,0.013113584793640025,0.4813041559333788,0.006203427038686731,0.03379874179172979,0.0042007485394627555,0.0029799519832298346,0.022782035888711492,0.28168245226051675,0.0036383375246211115,0.02394391258729434,0.010493359876702493,0.014456501800833922,0.016088557978014215
39,0.0045764838938183346,0.019710957552743498,0.013331148442025025,0.015441598439817624,0.01938216743455256,0.009685128027358108,0.010176294128886652,0.013435542146064537,0.018163238333514544,0.04625905313172771,0.025940902025779235,0.02612453531143152,0.654661861867267,0.00635355757338516,0.008577398023884238,0.04999746048895206,0.008156475416413981,0.008965585581128756,0.020371915456339915,0.020688696724909403
40,0.03399984426221891,0.025389527798953006,0.016424227726569787,0.011211660087108163,0.014924983441431096,0.009040293402692185,0.011146211712096484,0.021180725198495044,0.04523594699905471,0.005801730507044408,0.019216460427300994,0.01079698154446946,0.007797671998058592,0.013405667969800559,0.004591111528736906,0.024955166980943175,0.6790838962761835,0.010797687616482319,0.02424686296290217,0.01075334155945854
41,0.02992955805480484,0.009421230970387101,0.011133690481098494,0.009094353138014223,0.02716026037286831,0.003669999982399596,0.010808250194508935,0.01781746632325835,0.012680061426968701,0.013693182903780235,0.022904033541064597,0.009689487258070745,0.0038829557937709773,0.012004019172962982,0.004803045971289503,0.004411113225400751,0.015885788951712033,0.7356592977896845,0.018416646035659363,0.02693555841229569
42,0.006816009583695232,0.013684790770893176,0.6209193124052433,0.017292908740824335,0.02009684748513143,0.025066913150354805,0.008732644301368052,0.009738379617233667,0.015433100653264076,0.004449994855790944,0.031593077516856444,0.1397725907442458,0.003804402932563626,0.010633619679320703,0.004533139608820973,0.004760679812338231,0.005950324066275317,0.01612675338645115,0.019151190475584577,0.021443320213744108
43,0.007385708723667205,0.017002826927828625,0.01478509391974439,0.01874232221223782,0.018456040056323134,0.008770453844001677,0.033862979024125356,0.6195371800031154,0.02369592560569719,0.028085946040572345,0.02406592362291472,0.021263999242590603,0.005886809415717266,0.02173607980311239,0.018077260758650307,0.00795997595776003,0.04899562635242508,0.019923701153212223,0.02412486067015427,0.017641286666149985
44,0.021667507480384093,0.0165035410631305,0.03683956479368586,0.6880157266452654,0.009903969351625474,0.01794244224768108,0.007514631935889557,0.008964340423643398,0.027859029996001396,0.01237770362966578,0.04278406901589563,0.010157374086756859,0.005432639778509243,0.03794352910971107,0.006991336316474306,0.004164907749810404,0.006595574385301814,0.008747073010828145,0.018232632400154956,0.011362406579584905
45,0.008605181629786421,0.014118732083626278,0.026854279158128908,0.021438199023761862,0.020514923826403315,0.009953607984023288,0.030741246397535178,0.015535004692955184,0.01540557847964194,0.604858147938488,0.028213298313040588,0.036490909297377166,0.007539335027594383,0.017277727145786553,0.004712963252727853,0.05537057067754371,0.012094486830570874,0.027502596369668696,0.020615578076217306,0.022157633795122415
46,0.03551272279262471,0.014789589634259812,0.015194362812834268,0.01668343179282554,0.01712910862135995,0.007830306656007103,0.008893750877076093,0.04262573064843931,0.023029600566047033,0.012792868361549312,0.02655421681353963,0.014474947760395158,0.005278459714370454,0.015127713732068015,0.010036305038635849,0.005128744197406331,0.1645881226742422,0.5291445508763705,0.018738176869410005,0.016447289560538716
47,0.015195615960633967,0.006079633613839621,0.005879016041461014,0.011046157798735754,0.005848512772269898,0.3174839163546594,0.013571243689512085,0.005079307391084744,0.011429939611272342,0.005604424405381291,0.08977811791057196,0.010461455837612559,0.0013408294721699485,0.004771569854196728,0.02034038275360749,0.018220775583782843,0.2522121591591442,0.18486277085515448,0.01116873026948169,0.00962544066542803
48,0.01160387297880298,0.022196929551265895,0.027902610229793384,0.022853670961328107,0.02351672772751673,0.009810284940887946,0.015828765100466994,0.01965974006028224,0.01930408157871247,0.009049782650030124,0.04223182381925636,0.01568129284693244,0.01715597386766835,0.018396298088931114,0.020179525483145385,0.019943404304511445,0.6260267757205716,0.012349123760229229,0.026430028140013228,0.019879288189653867
49,0.00918266392498018,0.007210220186720552,0.009893869719528147,0.009367710487194874,0.006139703700779121,0.010877075168977197,0.0027449443690700653,0.18763605823559026,0.022487704270646176,0.0011224792298417442,0.4459264645752357,0.01961025655701833,0.001132479857580569,0.006778785865830362,0.007083642193920647,0.029426825008514994,0.14221475569464173,0.025024824024527246,0.010808168171474179,0.04533136875792793
50,0.8947016581820996,0.00235139012977851,0.0021986700862781966,0.002230020739878986,0.004163508988137044,0.0008839244161332093,0.0009100845359905797,0.002473500454701148,0.002129322963842649,0.0006654415957825339,0.004849434542154366,0.0018803566410400066,0.0002362781964260034,0.00157200979238027,0.0005671640165910347,0.0004719801973551973,0.0008339614533766648,0.06825377871220364,0.007205600892367591,0.0014219134634828848
51,0.007533858790329982,0.02388915045047841,0.021995312389254097,0.026192769812132918,0.021228405781419202,0.08092087133574126,0.023763664034280794,0.013043329197546607,0.016148818110809853,0.005799592002989288,0.07305531388110234,0.02230478914691456,0.004253358602366338,0.011903800416483484,0.008031379532979293,0.523381269537526,0.05100365416806959,0.01678705071524505,0.031886420187131864,0.016877191907199086
52,0.004801762200051785,0.010374190459143555,0.03181789213514053,0.006741633728675765,0.005770189465331217,0.04114172058987982,0.10137270881704323,0.005241544846690064,0.009543814082058942,0.002367721063938386,0.013159706966942537,0.34372563480635693,0.001421751532506736,0.3530017950672721,0.0038112781940028945,0.024119637737394218,0.004186972495176606,0.0058170697023599335,0.018513381042484296,0.01306959506755046
53,0.00482120420381172,0.008466703886137487,0.013051966137206904,0.008095337840328384,0.013137751288115274,0.0038892455577135407,0.00865469410238222,0.006190006262118657,0.01348639858114629,0.3327595815769367,0.4942866449344527,0.010052015831063108,0.0034459391071027354,0.009262957356234352,0.009019570572809962,0.004429754522132984,0.020793211261420596,0.009577770606167732,0.011550529892756617,0.015028716479962062
54,0.7570448878069439,0.010369387331118281,0.0037748104687133294,0.013506997205217294,0.009354298056386002,0.0045470797049642344,0.012428760531340661,0.01107567004358809,0.01736440724312994,0.005118992781562263,0.026271258058227488,0.011961879365725027,0.008419697075635767,0.020221299256065618,0.004323185733417104,0.0037790222297486757,0.023199674810186064,0.026576002333533365,0.017868484620911104,0.012794205343585793
55,0.056564774169449744,0.000749817954052871,0.0006473502558378141,0.018585576220178975,0.0008356227081101735,0.0012682126583657143,0.000768726431424024,0.0006170061791382958,0.0014779352779543337,0.00017310524820128228,0.0012497557505975472,0.0008190083582544093,0.00020729888354108713,0.8357536091479684,0.0001358555009434681,0.015606373208632496,0.0017944942650334184,0.06127708612594088,0.0007697365892133914,0.0006986550671615204
56,0.05180117429232146,0.009310144054857781,0.008804116789174248,0.0427766209045925,0.009834052445624726,0.005959576399173852,0.005933448020663999,0.3742145729267748,0.013935395569296051,0.0033251678265095535,0.028207461097267843,0.014526719255816244,0.0023473310405021787,0.009331061145937514,0.004714461325045822,0.0025729048603946405,0.0048938932538415926,0.381836239902274,0.018417618197675074,0.007258040692256094
57,0.009908840398780826,0.011903089286042882,0.01304871791122404,0.014446139560292346,0.021396035263710474,0.029079100804706833,0.009156857552460382,0.012422840038761445,0.017049289041207255,0.0053819384716435265,0.035989218203786304,0.00996737349443977,0.006419895375196864,0.010724895419218762,0.7265753657563532,0.007713687991422842,0.01878507377593247,0.008597811222811374,0.019645325218239043,0.011788505213769517
58,0.04654953858276928,0.004295479504282552,0.056688626953773906,0.005722027688165823,0.012543065615394068,0.16372691183199653,0.006756173053490528,0.003658410341788678,0.006396710264505891,0.0016766788509930588,0.010804559055576276,0.02607502227372657,0.00368531501842686,0.004611197398529439,0.0022871065994278087,0.5227488094969354,0.037378077040497525,0.05410290834182762,0.011985010346869171,0.018308371741023153
59,0.01059769929676764,0.036314773345241955,0.014161628236533792,0.017370177926610636,0.05501396130298697,0.007003269410675824,0.02907801667593584,0.011518935806182571,0.014803602022678638,0.006911440459885208,0.031492552053537556,0.02942516622525824,0.006038138680558392,0.013971442677403394,0.00694313329511776,0.006382191587116874,0.006741642935982247,0.011993032535409667,0.02134088043882417,0.6628983150872927
60,0.006288489136423735,0.6421867787119577,0.015105691564947217,0.0165112667358324,0.013549362763481782,0.00753537604437199,0.012602203899130329,0.012085956816260172,0.016756348897535304,0.007027465007649121,0.02638541666041228,0.012817614166081117,0.005710753657386087,0.014738088157921879,0.06447327810081827,0.014173596412367647,0.009468029775982368,0.006828411803012844,0.013449436122234735,0.08230643556619313
61,0.006863957925164014,0.04825146010859213,0.013137152817977154,0.015373299946254158,0.026005330264393046,0.010933723780542604,0.032602553090460513,0.015707016443281693,0.018311339968871503,0.023234105005119483,0.025488161841362374,0.022737182297864148,0.0024022104801779925,0.01746584911877959,0.0071754286574598385,0.007378941426881173,0.1051649811824772,0.06950291511346311,0.017686754435171093,0.5145776360957071
62,0.06367425691168001,0.014395096133563339,0.2122101549041501,0.4367820190777473,0.023109085323651208,0.016926948956614306,0.011975392604305185,0.017322156439996343,0.031616914262608695,0.006130281771380961,0.03530350026816916,0.02134385883481838,0.002523145607963877,0.019401761320596757,0.005586960022527781,0.010529634728119257,0.00791058571767194,0.013562421755412788,0.02456089021682478,0.025134935142197796
63,0.5587588295094249,0.017872580462969974,0.02395713368693464,0.00821149003294653,0.02355358669200709,0.011665675666123311,0.013807280251331502,0.023481710288114917,0.028631139000261537,0.01237312886902703,0.04013671871813049,0.019149444964950687,0.005833597258152531,0.025698789201793238,0.00806396376255592,0.024229867695890025,0.026395814472302822,0.061481904928475606,0.04025170165472024,0.026445642883887035
64,0.14700611748771916,0.014422375643778079,0.016788843031088102,0.01299293175317986,0.06607432470393568,0.007302697645038979,0.04791495158546273,0.015618510371818755,0.01399754579208834,0.13875917216002456,0.027304204883352327,0.09639455106121696,0.011886713437103442,0.026148781990534588,0.004997995596337896,0.2845527493165756,0.04011601487486064,0.00803444172871923,0.01083881642552907,0.00884826051163605
65,0.003883744003941097,0.004865421205979436,0.003925648467295342,0.0018254006199948556,0.004743044896809447,0.0021265626462119314,0.005446387105157121,0.1288690795716509,0.0041059210007399006,0.6128023354592799,0.019344201248940606,0.004098485033205714,0.006780329356246141,0.0039053481182128123,0.0023429727660147386,0.003182881789717504,0.009692599177744938,0.16644280631453962,0.00784972853322878,0.0037671026850892232
66,0.020740445184912668,0.009473918976040926,0.012353968157542644,0.010854549959134327,0.010645121588310847,0.008612844487429874,0.006295747012163302,0.15041263593927623,0.031115820834827793,0.09355558692431207,0.01813892034894462,0.0106220666085667,0.03737537555591125,0.007378839767633302,0.059002235480591136,0.46244349983069144,0.008744906444974034,0.00841348762078163,0.011790364168003116,0.02202966510995209
67,0.02079516078320368,0.012310935258986024,0.5620428405859093,0.030452792388554105,0.017760918250856673,0.017637174297818792,0.0077536360348080405,0.009964704711859973,0.016539462668407067,0.1075530017547885,0.032814249108490616,0.02147676889507463,0.001851794022855592,0.036775766796273174,0.004791114325112549,0.03242357685357469,0.005078608891195796,0.028548422749831995,0.029131734550104756,0.004297337072294193
68,0.0015347797739918945,0.013930971021945475,0.006522306832739774,0.002501551396886385,0.005107922921786816,0.0012863500739766177,0.0023152035840362036,0.007431564110781272,0.005942923838136106,0.046033361858127,0.09377764234799926,0.0027143981341474655,0.0007737171944456426,0.007601301918918557,0.004152537129383291,0.0008194948756625538,0.7623734160338866,0.010282136272922215,0.02206014464387191,0.0028382760363548365
69,0.1562810782747187,0.008196386034100089,0.005214762969609601,0.0075474667235927995,0.012178042896112096,0.014915400987794123,0.005113620538440708,0.023126468693407603,0.011765574905288168,0.012842860205842369,0.04206422893210599,0.006715865216400431,0.0016178622462068065,0.0075456670995697125,0.2519957889517419,0.0027410432686881835,0.015288402598184826,0.3765543810398472,0.020054483696365318,0.0182406147219834
70,0.043871041199786256,0.04095760968334117,0.018402699833050044,0.01053429241805063,0.024102836484703443,0.00858022706545891,0.014628837787239564,0.015439012234244837,0.013276142375694482,0.01419218019460814,0.019386246608246574,0.01770330281909541,0.0163951592267124,0.014274280868633088,0.0060033169433330764,0.6379542177024264,0.017216056154603355,0.009940560388759484,0.04012633536767068,0.017015644644342007
71,0.07348104174434515,0.021846736407240247,0.5827617702818623,0.022435261042905916,0.01144502849971247,0.026236629383255432,0.008485005821731012,0.015571145106909247,0.01940511992033181,0.006233791099294627,0.04008305963671293,0.07502182677599267,0.003916832748612052,0.014816152298370173,0.0068393325420338,0.011686919596281367,0.0131189971209019,0.019566458255793406,0.022366057418226563,0.00468283429948697
72,0.05899841418333291,0.027893588825499818,0.018624667748503583,0.0111936003817829,0.010846830179722584,0.051556999477220686,0.020650268640245214,0.012127914824568663,0.01220977962078419,0.005392518466998219,0.01618039173063223,0.05271311345885101,0.005628071602609137,0.01374319712422598,0.003083579298799307,0.5995813895327181,0.04343571012594414,0.012183757775023932,0.011346510990939977,0.012609696011597435
73,0.021660016139603916,0.03556321252393562,0.01885252580613944,0.023846010809005818,0.016294147379051244,0.0114998899016362,0.016753411779688802,0.01592686544495702,0.18924854695741233,0.015422070777547392,0.04715851629877919,0.018004330271482856,0.00805177283806472,0.020444694151533827,0.42084584627211236,0.04241231745486148,0.019674433799272605,0.013260970368732626,0.021804884957102547,0.023275536069079977
74,0.012316491719913853,0.6717823974844178,0.025477485939047764,0.020590036595414224,0.01188857285027719,0.0063103880361731635,0.016501418299241472,0.01194967064442092,0.017719271962465494,0.007424377644392223,0.023043716298635285,0.01800105118402747,0.004670781509575473,0.022402793268378816,0.020187063320434167,0.013212999952907907,0.0077258638984211555,0.01456339080173787,0.038489867079145215,0.035742361510972535
75,0.008160707598116965,0.01686089979429584,0.029953226879137686,0.02265672278530766,0.019867085422490775,0.008904543726697368,0.008667565403675697,0.010472319650304717,0.018140771306840192,0.015514416621735149,0.027553734154957737,0.01844129160914153,0.6826939784055924,0.004155887538027409,0.006280328233962066,0.03883235251079142,0.010497469573988597,0.012017442562622103,0.02327975288657586,0.01704950333573889
76,0.046464656357702916,0.026820717982064916,0.026714539668045937,0.01900758051129489,0.014220480838170707,0.012733999829088304,0.011700013976924785,0.02914925776350217,0.011973288460540592,0.006850367356244547,0.021504270458722306,0.008591905055684622,0.005963807235551681,0.012738046697054218,0.008469548070548106,0.039107283155285576,0.6336210302124903,0.021012944813893684,0.029616339900650938,0.01373992165653891
77,0.004895057768102562,0.017350821383175955,0.019134372616276624,0.04316615207683198,0.014396523700040404,0.011040020419630366,0.02088973388439052,0.013503833975584143,0.01216673490079373,0.004871191850522132,0.031317041151503036,0.01150747981795271,0.0016561291765734595,0.7124516485311224,0.01563263174890048,0.010093157987093836,0.005492346570325775,0.013420785394098175,0.02265736708578803,0.014356969961293814
78,0.0057615228244398305,0.015351456216752535,0.030090992135525085,0.012712461336798405,0.00925649759151034,0.7802264522234725,0.009786909749721337,0.01041453211199912,0.012985110582561459,0.004621290897929291,0.01616773834605167,0.012167814631678733,0.0039045319426573707,0.010252718388290777,0.004567607725811091,0.017552704740824373,0.005377327689378805,0.0063308330756609325,0.01776443549021634,0.014707062298719984
79,0.016632355818131064,0.02012337215036904,0.41976858781451176,0.24350475439474203,0.017333648334852465,0.015270430492724165,0.016633341672050134,0.026697925909128867,0.024379697277427597,0.0063679665073338885,0.035489662023003375,0.027551715305956025,0.006895004508526206,0.014918640633216063,0.010984298504934181,0.004925607855981576,0.03336998600061956,0.01056026694383051,0.0357790348403399,0.012813703012321539
80,0.07856542207378353,0.01415291711190942,0.0025227433021433525,0.007909501862904934,0.02465493517618016,0.6569435584311456,0.009596989337129188,0.027155119835206295,0.046115622048121724,0.006429672704765263,0.04034901352504563,0.019154102679709815,0.00451996803589586,0.008930301602182802,0.0031123667736536183,0.0012506669720624103,0.008613081178818944,0.006028521356029707,0.015783050048553356,0.018212445944758373
81,0.004160552754553561,0.01083083074906897,0.00996543016510591,0.004132943714783176,0.025125003782324747,0.00462321237533565,0.06404228316107831,0.06342752943652365,0.005436161241750713,0.42083447068165153,0.04011187126135467,0.013614828048543644,0.005044906435835042,0.016653967429063568,0.0023579362379660307,0.017605425199052713,0.11694650568504758,0.002275016296846665,0.009144615997021321,0.16366650934709265
82,0.004661770321120587,0.006588456045529773,0.013857681561234616,0.006542181461509097,0.01645108201722541,0.004247048378330786,0.0916918689663119,0.508360213116739,0.00927254660864216,0.27977958255649193,0.01554246892012399,0.0060138447028352335,0.004344222167069106,0.004990490224666761,0.002766423346244302,0.0028750352981879337,0.0027874252414486597,0.0031845990425806376,0.011250226913948492,0.00479283310975958
83,0.005049109939538277,0.0036605952849539493,0.1683341075037704,0.009839549491068656,0.0035201003363783726,0.44757810181733976,0.00769876655493089,0.0024847875796924013,0.0037107798561439587,0.0889257742837336,0.011410674513428243,0.014586165800980384,0.013770584175923866,0.12488226817601075,0.001515063551942637,0.057705681906118175,0.014662354863704334,0.0023038012750065343,0.006813710225975005,0.011548022863359856
84,0.0092361910933172,0.012534841485439133,0.010758628442495173,0.025375692014707896,0.015940959513740322,0.03275269743730441,0.01504595901863267,0.01897642119523345,0.4007782732172246,0.00862610744488882,0.11579724063013976,0.08819144249794071,0.0861230697526217,0.03332540471939529,0.05205376972940633,0.0025905844750024236,0.004986926916648902,0.03432854679656251,0.023670956182583226,0.008906287436715477
85,0.010360427251235146,0.037761776785986606,0.016843845490618813,0.02355154559871093,0.010364585057391313,0.008423532790313151,0.01169776242707964,0.0069757700503733444,0.021807605349677815,0.017123009561687032,0.14572575259868756,0.02888646032231448,0.0026100329660653466,0.5046732663193642,0.019251305184126086,0.07363162022495294,0.006685494281539749,0.02431490615280095,0.01825624518102711,0.011055056406047897
86,0.006016434843796057,0.004339117236348243,0.008140231801930287,0.03702337164453956,0.0051301594227709255,0.005428301518336337,0.017650518236169647,0.0036497261773462825,0.009560762233000735,0.019584369205946403,0.007955656250106965,0.006356979791237393,0.14926749808864337,0.004723592482911911,0.5693629814427137,0.11378560157832217,0.012716478960554915,0.0026562768786267802,0.0068648568962201804,0.009787085310478217
87,0.007115174991664962,0.004997602863465708,0.18937861543222226,0.10820851731829084,0.008637784816456598,0.011558552003366345,0.004990261320122418,0.00771174671718028,0.0133055954889477,0.003041359281323426,0.017858138355191726,0.07590622057558581,0.0010315467626042076,0.015520388250743963,0.003578173690772024,0.4988535767395783,0.0037929618034534883,0.006188247882342714,0.014761499344078567,0.003564036362608615
88,0.11208801145068753,0.018411135203325286,0.017209822296650638,0.013738601414102908,0.010153346973569224,0.0064467172023724715,0.04722049207538166,0.13013809866821524,0.017112348191580157,0.08719748723674016,0.022645796580832975,0.02034502300787755,0.010509601959162194,0.010882479172683,0.0035036066610303978,0.210053275584754,0.19461218585137,0.006988328518371432,0.02903076615731556,0.03171287579397758
89,0.0455598859111757,0.03207110209243425,0.055620924786316195,0.021239363821686126,0.020678589802500563,0.016322951670806066,0.028622378369193405,0.01398044172558815,0.007045451675516179,0.01500038200017778,0.040845202037740974,0.01619403112485395,0.005372042183998962,0.5380322677294055,0.022292801855175227,0.012441182232721712,0.012911935895293828,0.01726689591303189,0.044321056748469236,0.034181112423914216
90,0.021282802691661617,0.04761001835702458,0.05176456345063904,0.02329699353942134,0.02488126499356523,0.01653650642443699,0.04197068946496801,0.03101825130095916,0.019155588054335364,0.011576080039403613,0.04763709598523624,0.04574649627481237,0.011143056399984605,0.022692851972369175,0.018550144571543945,0.011494277831073004,0.019602200642145517,0.015998647630841537,0.030699660939689483,0.4873428094358892
91,0.008792391884967258,0.019812232553828187,0.020917566638598818,0.011682590202991748,0.350005231957771,0.004969398708033654,0.007913217689850626,0.14463641441644215,0.01954193067097189,0.04611453993831874,0.01411371555141594,0.025417043911916768,0.0017158840891991379,0.006770972180536573,0.0035967648330364815,0.007340860402920671,0.004426905138285984,0.27619806030101773,0.016333833135827,0.009700445794069618
92,0.008041559513651342,0.6176176960035294,0.016744498329127673,0.027528701511109425,0.015957508670384594,0.010541830769071177,0.023217613695599795,0.015453734980461504,0.02328673729628869,0.009800193111893655,0.04555032858917535,0.01884970182167267,0.005123000358146132,0.025507238244672034,0.020434341705325376,0.015080982709257815,0.006034328562122365,0.011126443426042116,0.035171504838820485,0.04893205586364844
93,0.012446598033529547,0.01194433389396082,0.017262191573196917,0.04469285456732339,0.011495564229836913,0.21727523048937541,0.007788014229947816,0.020590995287636332,0.4373213935364764,0.011131012501615342,0.027770153092295174,0.015332912838462897,0.0019856194149118394,0.05883780933476497,0.007862970403139624,0.004563544937990621,0.022795478914384704,0.00974771274287689,0.04336433996778779,0.01579127001048663
94,0.12011156588464644,0.02765113138980198,0.033133018563752614,0.0198165131429287,0.022164902395377814,0.02091324247323463,0.01875254290839426,0.013369294249340732,0.04793817208458851,0.005995384698584148,0.02980695425230016,0.01691946853517627,0.0049136780199200486,0.018615624307498427,0.4919492127968106,0.011669387716298649,0.015477572737926158,0.01273230952303852,0.03949322593660599,0.02857679838377544
95,0.01942455424283211,0.02245785588771505,0.02589233182123274,0.020024928697397186,0.00990964951053121,0.007013676686741271,0.01281284413862021,0.020136879742957525,0.035726733223155095,0.005341765020411053,0.019007030625701454,0.2934770961091447,0.002694823002435742,0.03596918145024915,0.05026919388866444,0.02687785832450021,0.34955493605707344,0.01112875959058755,0.019225527690145218,0.013054374289904589
