site,A,C,D,E,F,G,H,I,K,L,M,N,P,Q,R,S,T,V,W,Y
1,0.004119542361325685,0.008253699524171805,0.006048769477167008,0.005124902277025832,0.005475534341273424,0.006186555070619887,0.001901160242199918,0.1699262888789283,0.004288035208965259,0.001105322749270027,0.3791029646816353,0.019778455437360735,0.0010217907061772064,0.004818913997552551,0.001428537935659762,0.004011019174905721,0.315941542316213,0.031194348336432243,0.014126782708848925,0.01614583457426736
2,0.00627972210472521,0.031224889588894945,0.021253787431182114,0.013632356556927445,0.022229618066710043,0.034288078417812035,0.017679679593481597,0.01588535772246946,0.013942990201452173,0.009833796905505397,0.01048945628593637,0.02790902370741927,0.006126837187501773,0.021187014138210575,0.6334398015065642,0.012928108937706134,0.004583746996703087,0.017211386405264397,0.056673978202244985,0.023200370043288825
3,0.006687303757096757,0.7558151307247996,0.024277576281820035,0.017009615095655062,0.007224288563019309,0.01080580224124636,0.013088109128455238,0.014632113721980875,0.01570748895459598,0.004947752291957518,0.019645869996873226,0.016560853460233005,0.0033642706153525167,0.013393281010587066,0.008795710967117593,0.019293338115684584,0.008051285491182772,0.006411358886870815,0.011227602669290116,0.023061248026181612
4,0.010123893812508583,0.03263464126570651,0.01908332943244427,0.022994860413403626,0.027622422673144957,0.01195490475371993,0.010700119974725118,0.5330107655823524,0.010080455447221278,0.014160646425817302,0.05270325771314749,0.038359928327736985,0.006234052463135363,0.022756456592205456,0.008833924201319008,0.016942337407168436,0.03315858121156372,0.08517867911738428,0.03224333022017635,0.011223412965119013
5,0.006909905927966513,0.010695301223429553,0.013361603248136893,0.027196335784364315,0.008967937715339117,0.799675843943567,0.01028899123023513,0.007003264737031821,0.011226481442662608,0.003254086037669825,0.02218621825413523,0.008714804845667902,0.00431232536451269,0.009100484826105605,0.02214141487249438,0.003951832176424786,0.004185729348775051,0.0036990182949145196,0.013321585435489808,0.009806835291077209
6,0.033583031122814785,0.014675058190089154,0.035351720252163925,0.016510918733321923,0.041673106556098675,0.01742495539695897,0.008350921223560513,0.02615972810007518,0.010892186386322009,0.017269253045725623,0.030077921668219636,0.007056511088945496,0.002062028996329317,0.013215462477223446,0.002923565075396555,0.0032861271291167215,0.00523849963695006,0.6854205743098898,0.019790299257180465,0.009038131353617782
7,0.0016261133273161221,0.00022616140204227646,0.0275474433162022,0.0020056461247537657,0.00033884914205019404,0.09691791881079244,0.00040978214432417417,0.0001621733327938597,0.0005580428854026312,0.00013299409779163985,0.0024181739352515997,0.006591051961145945,0.002714672648135767,0.004639434348749754,6.979010088161997e-05,0.014630436778051013,0.0013623597663590021,0.0010785085241559755,0.0004379977713029275,0.8361324495824971
8,0.007531866242995403,0.018500289739693723,0.028505192707208773,0.019226056908983637,0.013342555896154618,0.00652117339434488,0.009121652872931926,0.006830821833305987,0.025882582134234007,0.004228050104701492,0.03152446500491611,0.6954485769329661,0.003192087023316462,0.015248966957454374,0.003569797147498992,0.025987697899107428,0.029616595877644106,0.006738284055715754,0.018000166779388434,0.030983120487437787
9,0.020148300574169966,0.01599158620871099,0.03410282954370405,0.021891918944974817,0.015724333099182426,0.027645316693208105,0.01618433053374248,0.006201317071580017,0.02207434222639713,0.004787681274937462,0.022008681681558173,0.014277235270357621,0.0058449432539580655,0.02068403797096101,0.6667882242455575,0.015415536802874271,0.00748693998934248,0.014143716202838207,0.03151040904825694,0.01708831936368826
10,0.0030928302438590475,0.0076003166125565794,0.8326095166659634,0.014703182463880282,0.006331418316320379,0.0064024732101723375,0.014123613512419513,0.008483960564254406,0.008508790128422896,0.003145652197440494,0.02607827071050134,0.014363233471080122,0.0018845396891092865,0.008310016158380128,0.002638387045853993,0.002479395375023343,0.0032863359391737687,0.019760495889143373,0.011549682471693759,0.004647889334751687
11,0.007907860944140846,0.011461345215958985,0.01668105435509568,0.014858461752900008,0.6989818546543164,0.006354418262708911,0.01097077767377764,0.030998218291540702,0.013251355431000632,0.004725167093638066,0.04912901794425015,0.012398863685763765,0.00468364738401102,0.014012595161262157,0.0038298949118699944,0.012163770165103494,0.007740084620695257,0.026958213079284987,0.024752113621558117,0.028141285751123245
12,0.04371442847978272,0.01874291655331737,0.01646069241733274,0.02029822526592545,0.011994918164535856,0.011161768292779784,0.015103949774951556,0.00640862896265334,0.016273046063164143,0.0037383157326615598,0.035751297992193065,0.0132494192674851,0.004131229118179071,0.012981687678291524,0.00470454893255604,0.005191072062664369,0.005103788962727183,0.71867257324937,0.019647271802518903,0.016670221226910253
13,0.00869551031551378,0.018537999530441884,0.002259716264819532,0.6977365499673635,0.020958546520966646,0.03995916160664682,0.006767161004140872,0.010755499578194664,0.020759640182557146,0.006464925995005126,0.030546862129949573,0.01664006793747494,0.004318551730674944,0.02063707023381579,0.004552420769380449,0.005544417770107306,0.009574601309714248,0.025932167525032093,0.026779120812661546,0.022580008815539135
14,0.02333405351032613,0.0032195239393323903,0.026218392270561414,0.01751522378993856,0.018496387491900787,0.6836262893708418,0.013328032110112815,0.014064521088474415,0.02412378826012215,0.00704770169689109,0.02881337820864427,0.013339459297538787,0.0032044456917258023,0.01507556089852965,0.004701309738696527,0.02717269251088457,0.011563098699567257,0.019749015094559178,0.022596217192248174,0.022810909139104236
15,0.007560677617775165,0.007557843267114141,0.013096049136315239,0.010359215690028737,0.009402430728160912,0.004382766904578319,0.00852315654361219,0.0210643332168187,0.010326452180200387,0.011043718927339649,0.4695625530330416,0.012982983253042044,0.003930096483503636,0.008200300151572033,0.007396785158875696,0.002995502432706137,0.037538412470950494,0.008979324785464435,0.3274008677684279,0.01769653025047262
16,0.006348012616408187,0.0032731003112702692,0.003960025170693767,0.0025762884168078733,0.00189699930955179,0.0011791027318530278,0.002454767737363462,0.0017201157108786911,0.0040135167320487514,0.00418854517854371,0.01006462401240734,0.0032251961115192756,0.0018832912101822117,0.003410478449504036,0.003553375736310227,0.17298500176703938,0.7538607447718597,0.0012951439921529307,0.006284504364252308,0.011827165669353053
17,0.010941492125243292,0.00615451175307275,0.010963120264773972,0.009302089365685672,0.025215607640444726,0.7706504395984155,0.012567287221738388,0.005185641581860381,0.01205107160485859,0.0043087475408103175,0.03647124995208441,0.006681218681357694,0.0033677396852348075,0.01258877566731367,0.009583453483856953,0.012017894183955108,0.004756803255734038,0.01724537675665005,0.013565710564958755,0.016381769071950884
18,0.8538169108343855,0.002173557809589591,0.0021964370578210707,0.0044902346416721625,0.004225102367058714,0.10576127360427194,0.0017928815894526688,0.0025621422647587435,0.0023901678174323543,0.0009217490072622219,0.006613510405073847,0.0022226403647076062,0.0008262150473496174,0.0019770268665834805,0.0008957196876491178,0.0016007696366594183,0.0010421204539052048,0.0008054980544896708,0.0005233603978026414,0.0031626820920743815
19,0.05485329795772395,0.012667404451024506,0.014560866689160162,0.016843461253194105,0.01772115043554294,0.009854793435960277,0.006250415956247861,0.0979800440275468,0.009219592202767657,0.005528578195611421,0.01762621210742822,0.006223344842068311,0.007304079666674163,0.01602188265082774,0.004378708554646213,0.01070766886247256,0.6540955406661494,0.00877937591108242,0.017391566676098907,0.01199201545777244
20,0.00779533360644949,0.010450989503706055,0.014394129254459275,0.011979716748632825,0.011269339521247987,0.006381968403493858,0.015135248173175153,0.010343131000568209,0.012840797296849366,0.002293167638592669,0.017427603067191003,0.01392539048430397,0.004326491274687755,0.010297728807789223,0.018807318130710165,0.004703871166345245,0.006398508499423461,0.005792052751051572,0.8000272293602703,0.015409985311052608
21,0.010196689007639405,0.006541832317030243,0.005779582913912264,0.0031430502584401266,0.006203179541866378,0.00482022936642463,0.0034925878749241432,0.6143845861921973,0.004391034699087676,0.028664509062901612,0.013269011132736727,0.006551449032231141,0.001052556313651717,0.0030470895836238847,0.0017640232773449296,0.0017201907038626222,0.002760078630740804,0.26570245244142265,0.0111180094395079,0.005397858210453839
22,0.012105215383991171,0.009685400762294785,0.7339786368457302,0.03942973754803484,0.010625635708565196,0.01695774825257028,0.018314194059673935,0.008814964092600387,0.011823982860008258,0.005220869028770201,0.02226386841084488,0.015499318980382032,0.013795502905363346,0.018799111228934958,0.004124419687572819,0.006288888313962372,0.007092161573088456,0.008594842390360156,0.01852531573738575,0.01806018622986585
23,0.029270578538650283,0.012668850207986014,0.03636886971276512,0.010173010755805408,0.046475523920670295,0.004672646383188195,0.013476092943651775,0.021905333377185834,0.011892875807754943,0.01922384422512702,0.025164433307812224,0.012765880316471467,0.005922591695398706,0.020930214460244737,0.005373512700789621,0.004133826854255687,0.009698826969454984,0.680936929684242,0.018068581382334446,0.010877576756211241
24,0.035136104072224714,0.022892323609955696,0.013161958184836875,0.012708264469522175,0.02632398359772805,0.02978065923875493,0.01389493331915424,0.06519345823156385,0.021713056098801427,0.010281728280426986,0.035224886068957566,0.017460801974684644,0.010112258187515592,0.027827479326938857,0.007556819148478391,0.007855721927769746,0.008907043699228507,0.5925592088034511,0.028808356903343917,0.012600954856662815
25,0.008214269964905414,0.01875993839265866,0.013112248325145003,0.018784919792195418,0.0025008720826145523,0.011919467010873755,0.012528619988274434,0.010936898870947571,0.016083564681338668,0.6911070538787435,0.029688938876086944,0.012542490542108334,0.003001310793645039,0.022702086286480027,0.007390543085976266,0.02094205291117572,0.007375682039792851,0.035077862413613534,0.03655400036563222,0.020777179697791998
26,0.010081131370292588,0.023549244667680675,0.02337041248052281,0.6216952306510344,0.014794960191991925,0.03683214521998933,0.011646609437742247,0.01075869850490767,0.04474611705339169,0.0051455526348741665,0.02293858864990103,0.010711516808640999,0.002075555854553668,0.0859163178807886,0.007341250525923906,0.004211960808177896,0.0038382504028234513,0.016946857303503683,0.029156859799387393,0.014242739753871829
27,0.008155514073521306,0.01874525732334078,0.059409938660344684,0.029104859923917273,0.0119941001871851,0.025497851706721544,0.47652616181321145,0.018131297147238278,0.040035890982472164,0.10747123398331705,0.026629597817525212,0.013755287904835174,0.0037610957235346687,0.026730572620090307,0.044346604586314536,0.00792790795979554,0.007054052916121287,0.018126532649014607,0.03589180073032667,0.020704441291172375
28,0.4196279554579854,0.0053044927293146,0.004212957067051776,0.008080519098636704,0.0028043121376806566,0.21125237076345074,0.005464943554394174,0.0018349057196613493,0.007239326266715717,0.0008959244611172761,0.005403822732495239,0.0025450775973584324,0.002081620131312046,0.007470379058763132,0.008868150069227554,0.28813369356898333,0.0027705614614985203,0.003412601588103122,0.005417733640994949,0.0071786528952552655
29,0.03159006878070285,0.3751197919600803,0.011463063845301184,0.004373898147347089,0.03889056779077292,0.13803410631221052,0.0028940251597178337,0.002638109858771492,0.01650281080030073,0.20286065571180129,0.013194337556130302,0.006044137277964114,0.0008910686927665855,0.002953812009070697,0.0017075815366317333,0.070514152768885,0.009476276133874655,0.002504663499072728,0.005731806903621422,0.06261506525497659
30,0.007030491886521264,0.7004738089860264,0.010831829147771376,0.011712303800775434,0.005670688970522995,0.010026013534504864,0.01819584934078741,0.0089808853259781,0.017293616311640243,0.005237120608603554,0.02393812753315169,0.013379164010042117,0.004059329484696518,0.014354254455418044,0.013086851486909027,0.03240996246708576,0.0071825025202475815,0.01362007784197786,0.024193024016101294,0.058324098271238516
31,0.06708268356515473,0.02012095761391918,0.020007162094129026,0.007029100924241589,0.01671130337361131,0.0037377598537640822,0.007997579915456524,0.01270242170990783,0.011026086357153691,0.012102234392310581,0.01926616446798983,0.010332922434797371,0.0041854645822334184,0.012274217255976522,0.005059923242975435,0.04812269998361034,0.007036029581040093,0.6874488045320826,0.015811707008412668,0.01194477711123331
32,0.015211051828694179,0.0082759816013129,0.010976169896322954,0.011539042376499243,0.010948793723141,0.00554528491855112,0.006376887114376882,0.016215177726944537,0.010668793983429388,0.0036204605760535116,0.01723130258808806,0.006712045710394157,0.002833645440197159,0.008724714238863222,0.0035095333559663927,0.013817026157007297,0.8140314690794734,0.005686663432863003,0.017046330222123502,0.011029626029698052
33,0.023685825723241224,0.017361849628882667,0.011296532627327478,0.011370001139508892,0.013162133105135863,0.009188625120105636,0.011707358845450077,0.0094405904931446,0.024852753260165783,0.04199301087352353,0.1805003094050738,0.01630226352214537,0.005996166658887206,0.01126028588731107,0.005140490927857497,0.006519740252725468,0.007470544566070464,0.567576381020187,0.012736464632606453,0.012438672310649795
34,0.016258212881617443,0.032721077469918314,0.020516386460594532,0.013230661031301008,0.027004998609363902,0.009925575283383815,0.033448309305689594,0.002984670833899514,0.015249680225196538,0.009182010094250851,0.6501760393514056,0.015803668022887078,0.010380840590013951,0.02749690374941763,0.006963987445934019,0.008665761688998517,0.039296917999602596,0.024590334736391262,0.014565864368227176,0.021538099851906828
35,0.6173507707788773,0.01771240158893528,0.0170676333032992,0.0011187731002389979,0.023360913901989733,0.052181470902267275,0.01062714452662154,0.017544598179411758,0.015034060203875441,0.005362606384997395,0.025386302897586296,0.015124741776473041,0.006642294501085701,0.017739533647043327,0.006641177506507762,0.012525878551600589,0.07242344949472271,0.018843619297880032,0.030381699045691858,0.016930930410894753
36,0.016220067138577144,0.04084948188419954,0.011633125526548849,0.16099014701417683,0.04931528861268409,0.004118258723852896,0.18163898252501876,0.07398705187877325,0.011252848051791903,0.009191424940428135,0.018888207427450406,0.019498816044063734,0.02670595195254887,0.12821183824331733,0.01678257512690109,0.010316952928393986,0.030470316981607844,0.011727097652282404,0.16859872699900846,0.00960284034837453
37,0.019380791181413372,0.008284974477461281,0.2393532949236603,0.03954863296583813,0.011442515293305432,0.5233290966945892,0.013647099013719417,0.017457062997105106,0.02126563025332561,0.00994964742008192,0.017951677448439934,0.015427370222344293,0.0029063390823406703,0.025826642960397623,0.002715980602138497,0.004223788451324684,0.00551145709010879,0.003280355151142473,0.01700282911710984,0.001494814654153458
38,0.005006103697821865,0.014900714730236376,0.02031588708690447,0.018093433943925007,0.015835609307878737,0.005407174882851943,0.009968337265312962,0.017513462745410345,0.5175236773625297,0.006055997186006232,0.039566337816085,0.0012396526048817987,0.0024964455185711196,0.02025932859365753,0.24209087960124584,0.003941952047064126,0.018932582020034755,0.013652576775956257,0.015304695638579108,0.011895151175046765
39,0.004243671324224982,0.01892172993496287,0.025060004400953125,0.01380621586750916,0.01745614141946032,0.01166082756654812,0.01796767899830539,0.01663269895961087,0.022822826846968312,0.03981976510972188,0.029762998268668888,0.01954719686246894,0.6399785233661168,0.0013264723230413651,0.00887386414931401,0.04970427874419211,0.0025651502186366686,0.010377994228540705,0.02762240106692239,0.021849560343833202
40,0.03532295472242707,0.02233491195730127,0.013200482069244705,0.010038761178913636,0.014512600455034289,0.011601884404580516,0.01103313035523445,0.01841757344908892,0.046153995994240825,0.005162812237039382,0.026593357650524296,0.015573688765044853,0.011709745436249712,0.009190289686854812,0.0037616187820020144,0.021859903771967584,0.6656007317538275,0.009657395796095711,0.03242321062449535,0.015850950909833104
41,0.02743050913414522,0.009355564227982463,0.014667269316805748,0.009184305382695865,0.030380356879284868,0.004963613393527748,0.01562711109110939,0.016627015497368485,0.017082186198023753,0.012783371677314399,0.028578832838084416,0.011570039768760879,0.004502210689515372,0.013498482965741479,0.006778165096330362,0.00515720658396287,0.01946647483879738,0.7052479440643832,0.025424143074462155,0.021675197281703914
42,0.008644027926176688,0.010501318431745538,0.6788930531004922,0.015011540936890253,0.024459887751622653,0.029583643172130865,0.006319737952174323,0.01102156690553263,0.014709237549103808,0.004422468626969995,0.03406165522857821,0.08555665332066463,0.0036009925666325685,0.009104960139159037,0.00583122481246767,0.004635826623553584,0.006349265224298489,0.016675251415115618,0.018830736687603464,0.011786951629087763
43,0.008409709158270584,0.018776996227928233,0.016717277303956276,0.01676700544940691,0.02316989607553639,0.014574012752693488,0.03664210241775751,0.5668571028401077,0.024839719771365735,0.038965938445825916,0.020143438490711298,0.01952822024406385,0.004163103600393818,0.02580436743448138,0.027034206817494293,0.008273178876612462,0.05310972005884219,0.01844268627226754,0.03565432913496431,0.022126988627320134
44,0.028779268162411494,0.010692977114421128,0.03694371140866231,0.6926914447751156,0.010045088198431616,0.017299128065118068,0.009187872413421264,0.006691479013214676,0.020403261370849846,0.00805893238463307,0.03654710517051878,0.011808445330782086,0.004785090567753077,0.03763363032999056,0.007626842316415898,0.005534416292150631,0.006474160124852263,0.006688515292715083,0.034687483888997235,0.007421147779545407
45,0.010380111216135942,0.02908996417096473,0.028280530057938506,0.017105859061704854,0.009241391173694123,0.009091274395855794,0.023037828945679503,0.017860780973031086,0.026120436704599043,0.6101508218092675,0.019872247146936597,0.029936413274340743,0.007061259172521406,0.011705959356576135,0.008016361798891617,0.04685398194480794,0.012810527173887391,0.02228999745027046,0.029817499584265106,0.03127675458863163
46,0.049943933736553335,0.017630967138528634,0.01679375310730652,0.014372901663107222,0.018113893572797825,0.0060963728082748594,0.007962539471225305,0.030198249635475436,0.016333885195639608,0.009047269233908415,0.026300455387925654,0.01660373367877288,0.003044891051925307,0.014835924451068913,0.009609032159193885,0.008905351492703705,0.17733625606063586,0.5175717217659468,0.02520072825325501,0.01409814013575487
47,0.01893216436517582,0.010023528552485185,0.012182793396494699,0.006765817831553048,0.008950139505102536,0.2826853865558908,0.00896314465479548,0.0058036511800450595,0.007342502046536893,0.004338430227456098,0.09026576236665922,0.011747110753079403,0.0013331797309268645,0.004634136630397744,0.020485873251067935,0.02258253491960999,0.22681826555421775,0.23247390369581664,0.015899048871273413,0.007772625911415378
48,0.016937349455653804,0.029305098952208817,0.01929440032860918,0.02506790299817089,0.01991466308039285,0.010224353455540541,0.009032817955936318,0.01722458482358379,0.01428514646348034,0.00811623159681776,0.03354132906163007,0.022162952477432923,0.01596954940258827,0.015069964730921629,0.021451650122084578,0.016327671859896104,0.645730998010027,0.0114431080406027,0.02146160955388811,0.027438617630534384
49,0.012904314626454081,0.00762628044900422,0.020073675235506155,0.007346279485140458,0.007304645669233637,0.014927725100348108,0.004265592897556435,0.1352683552033494,0.01230090774379746,0.001414422610793203,0.4615777168198136,0.021923226880736908,0.0010018064621605816,0.0040348714579366085,0.007494193893387927,0.02572230365024724,0.1496703101353242,0.029629555155950355,0.031653814234916644,0.043860002288342824
50,0.8901726641809145,0.001537338367254741,0.0015596284210631208,0.0028783042391371675,0.003232266437073165,0.001261964192221116,0.0011537339570941501,0.0021607225772323773,0.0016523077489673525,0.0006496875156899596,0.007411988522120189,0.0016022852425788092,0.00032113086630178046,0.002042175175173362,0.0005119244744400457,0.0006324509290415053,0.0005357183168912196,0.07596944260625499,0.003414286270639544,0.0012999799599110868
51,0.010545836632380356,0.02719328543191145,0.018603878874740517,0.02286211964879411,0.01883059279244827,0.07936586906206715,0.020910283843729897,0.010913892056154659,0.02812072183765288,0.005138246047278531,0.07747358842283929,0.024293532067313585,0.004488861089371506,0.013818883878982476,0.010413847457115821,0.5154691618446009,0.05237738390807125,0.011938579221886026,0.03184064931870717,0.015400786563954234
52,0.002673190823119482,0.010651547357352667,0.022299180819723274,0.007484813555479879,0.006083583331256814,0.022689268532937273,0.0783061916332643,0.003685403899588556,0.006171296211458784,0.0019293090819031996,0.016717877997826928,0.28211281624632206,0.0012288279044162667,0.489585277640346,0.0022548213661341384,0.02044347600138929,0.0031556294645265787,0.005645638969177946,0.008317540314807605,0.008564308848968985
53,0.004268373538336468,0.008366561111733038,0.016156263754791542,0.009317525568495733,0.01283035452833521,0.003098240909552955,0.008235005217721983,0.002473475675559534,0.011762916687424622,0.3627732194241753,0.4571884836291436,0.011946452275679713,0.004413493840859708,0.008028124561875368,0.0082694393877024,0.005733544127085118,0.021540488989884952,0.010485587243248266,0.016634639498658003,0.016477810029736542
54,0.7250577159385497,0.009796395801695919,0.0008218554127779324,0.013441016313279357,0.01093973867968563,0.005136823375200139,0.018433026804615123,0.011536535833041527,0.014567722634856431,0.005703653952412784,0.018602832390720803,0.02019721560118689,0.009367464321717322,0.04357507966633634,0.0042550201727402604,0.0013427599197267529,0.024420349293138067,0.028802402880315253,0.022397470582320732,0.011604920425683046
55,0.060225111309954095,0.0009886233602167495,0.00026082903628293376,0.02124507359972019,0.000995472522292252,0.0015714695609695807,0.0014826135395806842,0.0005669760753999133,0.0008975405783534462,0.00018989516058666632,0.0019605805992540235,0.0007434939834575523,0.0002390499967379107,0.8439868095338686,0.00020261959493696104,0.0163269237312457,0.0015935005091641625,0.04321842547055854,0.0015388674343268802,0.0017661244030931736
56,0.041546698215641914,0.007928976600996809,0.007051901493096214,0.055196890195875835,0.0069097375205735174,0.007337813487796871,0.009637072747828237,0.3356723106132198,0.011604422286325812,0.002724459007405953,0.020486568091458327,0.00841721165956723,0.002325511624827919,0.010094548693724201,0.004547953212188688,0.002976273715645429,0.004645373723670923,0.43045131856076496,0.02311479633369015,0.007330162215701199
57,0.010673458866961895,0.013934788884853786,0.012700269240036914,0.018797823468880807,0.014728542408305257,0.03490583982425225,0.010442044506818548,0.01426872498196855,0.02580869371788068,0.005620668352928118,0.032726019441408856,0.01760555749690388,0.006065704967862286,0.010588626593152834,0.7040690600922566,0.00725547880108978,0.02227472685233668,0.013259212615760754,0.009306129417810645,0.01496862946853089
58,0.03510985584304402,0.005238744840907617,0.07377200782454814,0.006311006939166271,0.01234678791306411,0.12597506376240813,0.007147509854001829,0.0039953079863920575,0.007417118330104994,0.0018004780541227665,0.009644743347212414,0.029270793561375383,0.0044160727315933285,0.007261785896917887,0.0022151844285369796,0.530371509429246,0.03322246684266357,0.07319097691372596,0.011335958914754123,0.019956626586214447
59,0.009939012190263899,0.04039681148142479,0.017156606427767222,0.010093707243010772,0.05618014036877376,0.007750875651179207,0.027281479100523007,0.011456515149533887,0.018348270251123257,0.007750347876639913,0.028341682501051183,0.02558788247122624,0.006384785064598592,0.02161325799465008,0.005199567563717807,0.010036071238682578,0.00804380427730724,0.008275165823956687,0.0184069361497717,0.6617570811747983
60,0.006024443652968584,0.6766807117708047,0.016726486451952495,0.009712372110634871,0.005672885359433188,0.010001184958765529,0.013399429654340133,0.009896461181882935,0.015846162206525766,0.006974978545701039,0.019865595750489812,0.015444036541731637,0.005187375243132768,0.013379201688169763,0.06908196198893929,0.015482560155123838,0.011076714143116671,0.0077409500713507854,0.009230914377341623,0.06257557414759449
61,0.005314074844524686,0.04614079944865381,0.012693473907328973,0.014377874161094652,0.030024125810316212,0.008287340696250266,0.02326473469436418,0.0213972953994646,0.014933120968636365,0.029772010637791863,0.02297779348339591,0.017225144543123776,0.0023425414605254863,0.012403101055885274,0.009296103266665036,0.005125170100758332,0.09338142332676928,0.10328738220491054,0.02403622025403847,0.5037202697355022
62,0.08767385645496624,0.025978694457183097,0.11142591051565501,0.5122838274245838,0.017401466483193143,0.015553330389475676,0.019329981977262493,0.01733377405940223,0.01726928903236278,0.006778031580149793,0.03561477360070068,0.026109194477908045,0.002900729196576973,0.02752789722989713,0.007387750261168938,0.013710475123957025,0.008791373483669502,0.013488546542981516,0.01810552569727072,0.015335572011635185
63,0.5680677042715806,0.014999430493771905,0.023451208759394025,0.0018871800339755897,0.022852670019075056,0.007725321755437571,0.022891515130267926,0.027738865172429468,0.03604780034507579,0.013731702603196066,0.046538387187995175,0.025638879211369727,0.003921064371862309,0.031745768765664935,0.008836583313092297,0.010257204689456154,0.022810229287878736,0.05272880916910683,0.041052399088762646,0.017077276330607127
64,0.13455893931635293,0.015642137078419383,0.01711755674263972,0.019793692543573844,0.04785322620433863,0.008529769615772318,0.07585268318508165,0.012391717925797227,0.014154413176913204,0.10744584677238002,0.028127175346438837,0.11536056267838962,0.008377105627889245,0.03014189691455103,0.005452342121064131,0.2843779875705163,0.03678605115986123,0.015674571979309944,0.007689050253249336,0.01467327378746137
65,0.004124922106603539,0.009344486998259812,0.004578923585123701,0.0016313386945475618,0.006409512019376374,0.001455362098499133,0.004443609789096324,0.12538335852334404,0.0021075902218146724,0.6085873428822746,0.02576673060662516,0.003627473108126889,0.007567271963506124,0.004225719412379383,0.0019259829277497211,0.003666707676360817,0.007518104430853704,0.1687503638614761,0.005171511695207697,0.0037136873987746676
66,0.021705748707736786,0.01684655733458351,0.013423009385088712,0.011884166151828078,0.01291996981621466,0.006725298696052814,0.0063377527138547786,0.17542196937171092,0.03304383779484029,0.07095680237007156,0.021203100542460596,0.012974396505857752,0.037524063162847565,0.009892013537121503,0.051324959835650476,0.4522695630394638,0.010736647911639014,0.008895974655113454,0.01148415007486655,0.014430018392997124
67,0.0247238065270542,0.018199543926325525,0.5617337329965609,0.021201386804773365,0.017990692007875727,0.019174784584829793,0.010301514418457529,0.012984958522862982,0.012109581129087638,0.1123892478945191,0.029966249756208135,0.017197946758073044,0.0016424925333869255,0.03241964902521914,0.005852425160945083,0.02643660801087076,0.004190186124142583,0.029503430230940497,0.040341021883039986,0.0016407417048270028
68,0.002477792358452337,0.010544415930482462,0.007616118897701267,0.002450758908533046,0.004510197867165873,0.001568709587576862,0.002302459972412669,0.004484018952979425,0.0035468351437716672,0.04039196714913641,0.09926483181266521,0.0014970500462323322,0.0006507310630047416,0.009865345023491902,0.006620942468566784,0.000777776975728967,0.7505326074240788,0.008503736387679478,0.039743303028113484,0.0026504010022262337
69,0.13039723734262348,0.036058294984800114,0.0008280557521181407,0.0037769565415097938,0.01337021474891497,0.010338880222985137,0.002328631379260095,0.014974618655663255,0.006664545549956997,0.010729942242024271,0.0305577616555845,0.004497844212980148,0.0015055679639982768,0.009677034263619861,0.2898779382572916,0.0010808006230205146,0.010985577884501998,0.34751610671175104,0.050456288930136275,0.024377702077259526
70,0.030864532878333968,0.04047942478932502,0.027686526625050153,0.006834910664405308,0.020276111211507,0.008642583166112269,0.011644902606242277,0.023394157207601247,0.015108870708345037,0.010744746456760696,0.023045810992867295,0.016659942100137694,0.01767688907124801,0.011435980396934473,0.0058012131627747324,0.6625323741482491,0.01645888599451834,0.009804418540668628,0.024495039535549667,0.01641267974336916
71,0.07914960230468196,0.011012353114017827,0.583244242975407,0.013166268463120634,0.014513734477443925,0.02090212260420839,0.008048475154937701,0.03185648677291038,0.016418330380160193,0.004997669675149601,0.04253936557518038,0.0735663218654924,0.004290982503044116,0.017102369208271472,0.005266545626652921,0.014824636033676765,0.01225074126691793,0.017762994371802038,0.02747195536363918,0.0016148022632851628
72,0.06130807354974462,0.025873510043533724,0.012467684980860714,0.007190763488943054,0.016098468399804423,0.05411076029787107,0.014528551433381233,0.010558495135267281,0.019286797247948528,0.005034463387023916,0.008892304748836833,0.058909797567537774,0.005635366187561714,0.011515821111676008,0.0037722075599113517,0.5827258689522601,0.05855161258119588,0.01063941417806081,0.017239033194758703,0.01566100595382232
73,0.013733659409187209,0.031121672723136682,0.013709302505373012,0.03127325515259847,0.02097700543488483,0.010947666237613791,0.008280705847848712,0.03380406916407282,0.22339833378006216,0.013983842848438758,0.029849591332512977,0.029747256636583473,0.0066970269586814875,0.02111761914120221,0.42099371768464405,0.013185850485955353,0.014392445769630564,0.024827337873268338,0.021600607092489368,0.01635903392181574
74,0.007791726719683683,0.6529373242397291,0.02869698276492168,0.027818360490558285,0.003530953629520431,0.005889181142581668,0.019122777505491798,0.024055178373012347,0.01880063391302723,0.006938541318169794,0.029668301698115847,0.009625176992677453,0.004641932092341492,0.031608739174508654,0.027296421205003453,0.013291607219452049,0.008879036160412444,0.013443016797183412,0.032428573844939745,0.03353553471866945
75,0.007460649312915179,0.02226247757072093,0.02046526045061561,0.019981746085063024,0.03586507844318202,0.008285265351756449,0.008117787933104654,0.02133478832715875,0.021504633071658546,0.01603467866212644,0.04438577289077518,0.02205759628572292,0.6561367485813112,0.0009667295903880962,0.004381383626456814,0.03361339369941511,0.002661317207869836,0.011535011643697378,0.020193557696129797,0.022756123569932032
76,0.03864543555954703,0.025779041299721212,0.019662963031386323,0.03311048537568018,0.01376771123269687,0.016521668803080324,0.01683254086844853,0.019389570136519093,0.009502108391944965,0.0046069258702259985,0.024205720540628063,0.018441693628243574,0.005034236698600705,0.01585373568464516,0.0064700509510666375,0.03702544516173328,0.6197422465646467,0.02323016722829642,0.032204190479346924,0.019974062493542093
77,0.006733993860018619,0.019885058354206408,0.021970734457082638,0.04813532543185028,0.015531829461717217,0.013870468150318803,0.01513293326749726,0.015254927040111506,0.007358050723048654,0.005429005201981547,0.036244745800099315,0.014230128565974736,0.0013826693937980384,0.7019763225109482,0.015501586921837824,0.009908233069568327,0.005419912722371528,0.01123432786709607,0.021020841670705188,0.013778905529767837
78,0.006305984179611684,0.007535779779844161,0.021409097329435207,0.01187045628466438,0.012143789239186912,0.7944369796748122,0.008518118053961944,0.009535245273299364,0.01129595214790726,0.004479601619039332,0.02562108054861322,0.010885421691102156,0.0034500187254777118,0.01268540739738594,0.004878038387327546,0.020912054202376924,0.005051409738887952,0.005356692252816404,0.0146672222600387,0.008961651214210921
79,0.0247918196052378,0.03037126319653272,0.2501765783205744,0.3329665800972867,0.023273183084959775,0.014878573720803544,0.040010795570434694,0.025486095691279034,0.008221297829801456,0.010893843200519848,0.04335998797025064,0.03490281736637651,0.00476298719142886,0.013196777651431678,0.008487107456797937,0.008563634768195343,0.03222687904539827,0.018374827913287175,0.04839658024697212,0.026658370072431454
80,0.0615664990394288,0.03120469794820396,0.00029130075021020893,0.010047021688627667,0.010026059945720119,0.6113905349393294,0.003980560702617944,0.034081677653825665,0.04735866052199898,0.004527129794528204,0.005318994360309183,0.03694241370405041,0.002856449915355549,0.027224093168365812,0.0030790995864233605,0.0002983997914004744,0.006690546250857634,0.04548048502191914,0.047512081470676745,0.01012329374615089
81,0.004588629894377415,0.012686762601129055,0.006571193535907796,0.006413772008992741,0.029369986479653373,0.004750466736081793,0.06840677713375334,0.07150351475426764,0.00670925940944712,0.4009411239345356,0.05779689205914467,0.015806389360208128,0.0032761738489746053,0.01175866311667445,0.0026156232057033208,0.019593711558142837,0.10650068880186062,0.0026009706654661117,0.01264422197887012,0.1554651789168093
82,0.0075340589191793695,0.009504589718572487,0.015201745231000083,0.011285141912907885,0.028816016230627167,0.007500371181753792,0.11867594277239465,0.21659869500995155,0.019058587331714387,0.44829014391650607,0.04112341524950308,0.009013009643529146,0.006823793668289011,0.013571193445804002,0.0040215928105054415,0.0038056668931157477,0.0053001090238473615,0.004637832313399383,0.019824015719763353,0.009414079007636002
83,0.007211448648818894,0.004312870701238092,0.1720712151908125,0.006167364535117319,0.0027639104903346722,0.469766864231376,0.005676105540415434,0.002824023719107586,0.0048592002933300574,0.07249983644301673,0.013868570165045878,0.014021952385485127,0.015169560171148037,0.10702936949649258,0.0011157427021613504,0.07050336710570919,0.01219861502406247,0.0027737087842393173,0.010022526992068395,0.00514374738002032
84,0.008555640247206876,0.014408910724609777,0.012278499813153598,0.025362551065720215,0.013858932872603029,0.05188601120167624,0.021286325860896155,0.028515546060762398,0.42735078794766485,0.010440192426367513,0.1270951361686923,0.051890905688106496,0.07788628510940994,0.022140524597232984,0.03837068909712258,0.002334646744158365,0.005830577939460551,0.03414912152598808,0.012229030831075901,0.014129684078092132
85,0.01144841526687898,0.05063064482109501,0.014600189208271127,0.01971105544193916,0.018918195026909217,0.007446065818296077,0.012370462796290747,0.012244498735753962,0.005789633117814323,0.018170633717862053,0.12966204509621063,0.03537912422272226,0.0022886456707814228,0.49462236317028885,0.01747189340253336,0.08353341243332602,0.0062453284509101864,0.01646128469627697,0.03069897883044049,0.012307130075399195
86,0.006607323841513886,0.006380850604557109,0.0045133468288508895,0.04615858264660635,0.005090234864175602,0.005163386582280745,0.015438626937516978,0.00292731470499051,0.004998111513091227,0.015162460021468937,0.007469388766639882,0.028524341676749873,0.19382267148892474,0.00624339983951598,0.5257677583869809,0.10359031017733025,0.010177685944997367,0.0019404945344323327,0.002993907065673206,0.007029803573703267
87,0.006435422137156564,0.008404042059217662,0.22279165156876538,0.06859255311664668,0.008902526239946962,0.020716355550869384,0.00339436578254261,0.00939622105169158,0.0231423703104006,0.0032698852924376693,0.022073793171402453,0.09757462281277253,0.0009550043533110783,0.009285280178877394,0.0048647752351592775,0.46353170035855856,0.003834574531348108,0.010375643993225403,0.011002897727929103,0.0014563145277410121
88,0.12047956102462005,0.019100227958623962,0.007621621529842293,0.020660291584135928,0.01043923209401279,0.007173523821253244,0.04051023270278371,0.10035785460318568,0.008716422402739904,0.08326694636846663,0.02086336996514529,0.00779974331923695,0.011265204493833883,0.024280809315218647,0.0028057693842955607,0.22279123488914956,0.19608362343826263,0.006032812471839889,0.0438385156515412,0.045913002981812154
89,0.034385971004977714,0.021597257148655607,0.06074479786873825,0.016648615398069694,0.02447513364846385,0.02094567890479613,0.04397783978225361,0.020656539030201045,0.0013190921518235939,0.016298329185424076,0.037587547858812125,0.01868404390100749,0.0069159565766155695,0.55270211292425,0.024442621475298517,0.011012103213909191,0.014005142087278424,0.013803834687249349,0.033413037034720754,0.026384346117455004
90,0.008504010294727242,0.048920619480172574,0.05033706241060569,0.022373520127634765,0.026337004316263308,0.015073573344730801,0.051248453018001655,0.021783180089382227,0.03090760907679595,0.012156765163326764,0.04354263424038147,0.04775860138444776,0.014269681518391602,0.02938885702935404,0.007528207483032715,0.01028788544839387,0.011517263233775336,0.018823561694197268,0.05864165161772672,0.4705998590286583
91,0.008417368847312118,0.013707092671601634,0.023316648394779184,0.017880893549117843,0.2617166785894567,0.0034488836780801136,0.008531483130699595,0.1543804939738676,0.023059170786344563,0.053913145910917205,0.02538165238958541,0.03256519188585038,0.0014883888868682427,0.009489644379015607,0.003142630731256556,0.008949399742526834,0.004382365864983243,0.3173210303323377,0.01949707948544987,0.009410756769949633
92,0.007689594118786752,0.6440481086485402,0.021515056139527176,0.022359833815234435,0.0048532605460526665,0.014997002904499544,0.017415249248236127,0.013161053766105834,0.027269612598524708,0.010513836870689986,0.04330839824294902,0.018603115176232556,0.005433356854352701,0.029497009609007363,0.024912366679311366,0.014610924410181593,0.006464532889723528,0.01070540175796497,0.028069225449203195,0.03457306027487629
93,0.015631047816201376,0.033877641677669525,0.018552189733925407,0.048713335970164466,0.016240155496978256,0.19264063791948355,0.006332361654907577,0.015568416493666542,0.4533925098264888,0.01021810222738732,0.0283581169316928,0.009231974544049611,0.002014908601307328,0.07791811853227147,0.009157074049077465,0.004679252449703482,0.02150261451737494,0.007884925241690434,0.014314408930563663,0.013772207385395899
94,0.16097414914566505,0.025199445368023085,0.040865683555708805,0.01896285475209851,0.014552843338507017,0.01862390407164065,0.014670722346262466,0.004424915410282622,0.049418115965442384,0.005757446799993515,0.01619956722713617,0.03361577373161264,0.0035647756342335113,0.04041893017706092,0.4306167593733864,0.012377241833444942,0.015056507946773578,0.015035277109360529,0.05313943072092588,0.026525655492441343
95,0.02068910800019113,0.025228518079296453,0.022388843309918877,0.017917658872105863,0.012703782414437917,0.005802831320412177,0.010514136150214964,0.028789620708963237,0.017857738862210967,0.007099271712635056,0.04977048214674492,0.24461454768512567,0.002865268061950834,0.03356995481470615,0.05676299773258984,0.027833426145696047,0.36746416951301264,0.009827513481010087,0.02571851486225121,0.012581616126525998
