site,A,C,D,E,F,G,H,I,K,L,M,N,P,Q,R,S,T,V,W,Y
1,0.004915981433771385,0.004196973061399894,0.007283815271101966,0.010093546569483542,0.014071996654940907,0.003668291062976175,0.0022916906290807375,0.15488640031115464,0.0035900939366969036,0.006436892506299475,0.39526372546574357,0.0033729068930171842,0.0009041744228529998,0.004867639355910849,0.0011955409231086374,0.00317024902427928,0.05355351665106825,0.3085232591424752,0.013427413001301926,0.004285893683336461
2,0.008105208451689478,0.018334883071145457,0.022611133684380273,0.0182367388293901,0.018352512934737723,0.04697124120644893,0.029982880221088498,0.017495678642313862,0.029273387252885186,0.00650945069642918,0.008778602485988845,0.01657140230327981,0.007873345148848127,0.014095315635223921,0.6006336343330978,0.023962486235136277,0.013468954386935598,0.014632670603012366,0.058688009754028464,0.02542246412394009
3,0.00587536159150806,0.7059147682794196,0.059440957844932266,0.025206200116682505,0.020013607224552424,0.00950453326544485,0.008579031375255527,0.010447152275917441,0.011413594173798463,0.0038175127814506177,0.023353080865527127,0.011342792906631585,0.0030243235821253325,0.014612120535516809,0.009151193753973354,0.014099906032572662,0.007196352879355419,0.008023727947948193,0.01361466524114814,0.03536911732623975
4,0.008065187426424267,0.034925215141545354,0.020474759590811964,0.027176090160526366,0.006966336044919911,0.009605524463399748,0.012475484850372935,0.40821216767259905,0.00954879254126061,0.004755833909983181,0.0625677467553127,0.032503949343249426,0.005380050984102858,0.016787276323900518,0.00610379519378718,0.007879002312374863,0.0180407580661748,0.2645755754389568,0.026094045356309124,0.017862408423988375
5,0.011968065024518993,0.016125602063957894,0.01658075160121713,0.0391396843026174,0.010426013592026306,0.7843881480967142,0.008909113530925113,0.006608830857127901,0.014208916597459919,0.0031752893526725474,0.01759562678978536,0.010949483748435278,0.0033304333780728276,0.011132301814886992,0.00985314639928051,0.004007237921069772,0.0048326194742735066,0.005106638858022682,0.011017329183801376,0.010644767413134297
6,0.028149711713665617,0.008526462055774422,0.010665624168329328,0.009607197007978784,0.009002121835166238,0.007089779301568436,0.0038968845548544863,0.36982208360886637,0.008258085118255902,0.006039625125600194,0.02096885786940935,0.00888882134249447,0.001317509036905423,0.006231066806830291,0.0018964296513499753,0.0027941489227007957,0.004096930500639456,0.45834317685663084,0.024191931288020392,0.01021355323495925
7,0.010259879842616743,0.014051890637836167,0.004555905865793375,0.09816532460586189,0.00994113150129916,0.018236248956218327,0.0024417366493986957,0.004565394740272332,0.0030745463461828485,0.07511268671301646,0.01007835915235244,0.058448412577346655,0.1241229247414281,0.2612486354995197,0.0022065179962190533,0.11903546332051046,0.052814836141437956,0.00386639821504322,0.006172528579864214,0.12160117791778223
8,0.009870411261758161,0.008841427115039262,0.21286147768475444,0.028866289905992288,0.00990758731967691,0.0076326167012068565,0.007585082303066707,0.017584871150361777,0.0086055051907819,0.0029539750991681743,0.018203676622617515,0.5459032177927577,0.002616284590495551,0.015011888982281263,0.0029689616165603076,0.009322159488609904,0.05980052062549232,0.006845729112098519,0.016751094043912465,0.007867223393367909
9,0.02887585124799142,0.02018187364002492,0.02235440887600813,0.014463057130715384,0.0179367827454923,0.04795043626871497,0.014120827336143928,0.016505434373490873,0.029710808191163347,0.005715905989909284,0.020183288037834944,0.013016286556419027,0.005569086589321019,0.01702350090187012,0.6401098115421926,0.010446690038437297,0.026293816731641044,0.009555456187069083,0.02606628504477021,0.013920392570790108
10,0.010538209869705861,0.006966224741733183,0.8405203436668899,0.015339812544219357,0.007919029021654346,0.007806839445875454,0.01283613674529937,0.00581894456503656,0.00823357743497002,0.003210060657863413,0.017319724909582935,0.01349838712939974,0.0019983602366204886,0.007033287205074784,0.0023327430680971472,0.002391334602261798,0.0030419098937359054,0.004267252245700798,0.0244260297393248,0.004501792276954099
11,0.00782798748875506,0.017051261007791283,0.012868572665972479,0.018034336642798122,0.6786880968799007,0.006313532563186209,0.01220652038489188,0.04280324558181945,0.014056667754636083,0.007357964658761145,0.032312681089513316,0.010624250537260816,0.00367919490604288,0.013326183023109072,0.004271024217435113,0.029053091437862888,0.006815505020832241,0.01829160924393073,0.031217897887596064,0.03320037700790452
12,0.023588405387080968,0.018712002377776864,0.01397118974083047,0.022794987570589002,0.015344757303113687,0.015491152357480326,0.014599786592320101,0.04380040002109621,0.011344870300034499,0.004689210805970272,0.03665736002193928,0.011567773271656166,0.004296719932482886,0.009771690367111945,0.0050215436052226895,0.006262615810230163,0.00423480347872418,0.6972829819854016,0.025289518508380075,0.015278230562558599
13,0.0073062484472900405,0.019098052268722347,0.0017549387204999387,0.7153357062823489,0.017413756995377564,0.02983082145921708,0.009876425776795861,0.014368098394140648,0.02365236836041579,0.019040351809173146,0.023152679504617496,0.01686845586200415,0.003870124389177851,0.010084630084191769,0.0065306261857743676,0.00508008865908951,0.009118862393060107,0.02393990775303515,0.02564244774537466,0.01803540890969352
14,0.03710032199592543,0.004782866282522904,0.020120403282746918,0.016510044471212494,0.016081049698842737,0.6831110315690792,0.012351981802322016,0.013327412365365188,0.023261140607661143,0.005805413714923702,0.02641000906613058,0.0184120885771223,0.0036233963220300694,0.014479439694460444,0.0033642690521990632,0.031970025845348804,0.011208453180212845,0.013326521338112195,0.032185285129358816,0.012568846004423106
15,0.004431510083904033,0.006526720724089746,0.009168340777040597,0.007189220600796037,0.38565979433201636,0.003486232170004042,0.007033001936339176,0.07819102913054539,0.018835789463796753,0.008224906925472472,0.32483946061672425,0.00847890809088804,0.0020966533206871526,0.007852993980506552,0.005632586062697808,0.003452312286969654,0.010906614497335522,0.06881864525443109,0.031187255711328146,0.007988024034427176
16,0.051054325349476584,0.010959272987411296,0.010288372719458644,0.006743586865534597,0.00834810204994272,0.00351995595337615,0.05393304154581515,0.006398797252746429,0.010269997548339996,0.01125040944006409,0.023397749405574847,0.02136962584224919,0.0037553897449830614,0.0095708126194993,0.022036943983268224,0.6507387103940179,0.0699195310443813,0.005493428238357049,0.013202871254766893,0.007749075760736658
17,0.007739561290664159,0.006753922079358145,0.049830589863102376,0.009745162579295797,0.010358828215158402,0.7683184243688209,0.009785466808179018,0.008159527978225105,0.013026296130266183,0.003637985921148189,0.02472495613169716,0.008414453181238454,0.0034022957153527714,0.00896218908911466,0.006908202815781675,0.014862301292328687,0.0052486640586694505,0.010606004550879638,0.01530487587000551,0.014210292060713812
18,0.5406199335717728,0.004291427167328299,0.0062647325903641,0.01459964110987304,0.009394062895546767,0.3480642223135385,0.005127461388057422,0.0072469480468506445,0.005677604590613559,0.002790513980057349,0.01792386414533439,0.004633173065909573,0.0023536147124906064,0.006535873751407973,0.005656356306281487,0.002928637631424194,0.003133311490626779,0.0008957225448020713,0.0018743713424223924,0.00998852735529797
19,0.051495874148933946,0.010824422313893587,0.012447170924917936,0.016027212915284444,0.017693469078120347,0.008366687109390212,0.005924381810340193,0.08876485813667225,0.016788977856389487,0.003975089851556369,0.02257068623552836,0.018158045874658593,0.0029510757642950067,0.012720262012261991,0.0037287272505703967,0.009318503945068245,0.6362210999871574,0.00813833947869656,0.03917202256220266,0.01471309274406206
20,0.006862232434284384,0.0058076745239680864,0.009627803590680233,0.01110595885090776,0.012304414111191792,0.008828859073140781,0.009257644976135893,0.009704715813727787,0.009737845823962045,0.0013644340245402516,0.016576745033518827,0.014493191441675777,0.004432327767462643,0.011548727950208332,0.02194743188226388,0.009732302246625954,0.008887992634721155,0.005549753155704165,0.8057868987282736,0.016443045937006594
21,0.011652183838563349,0.006403742462242579,0.00677171322595738,0.00808716456250408,0.02023223983844157,0.005256557210051606,0.005052855029860044,0.20177413705016606,0.006916509404171258,0.28095562766267257,0.01278859884381571,0.010342951615107919,0.001559883804128645,0.008494108578494832,0.0017046225871213145,0.002588580958775811,0.0025961140126620126,0.3845555343061018,0.014009677611050458,0.008257197398110986
22,0.0072935134734779155,0.00809441573072063,0.664091584726978,0.09885179156238767,0.011513102885221884,0.020454102921654005,0.015313466006246421,0.007986629982634816,0.009231491106897088,0.005160207634785038,0.022171832483415907,0.012917493498061969,0.007672346063223852,0.0305538626194798,0.004651131311999081,0.006841066028121546,0.007467682025672431,0.01827965798246006,0.025028565116440308,0.01642605684012158
23,0.019144909963222788,0.009844735186338298,0.013229350581065497,0.00806973885888971,0.05773579125171078,0.006121884335911451,0.008128642009362173,0.120299607887482,0.013876976179243616,0.0041610928979929455,0.06571746817446095,0.012185340884061237,0.003941698030711636,0.011623408545186476,0.0042959484500328165,0.0030660149771992097,0.06935657119295888,0.5347924212479632,0.024728620571338625,0.009679778774867724
24,0.016433225272568804,0.015319654521455624,0.006216534689963097,0.013980777054851748,0.007997039721619607,0.012529627483294635,0.011518005160502961,0.3567880707465572,0.016968313027895233,0.008520419378223973,0.04264578381834815,0.011730517983713485,0.005644964223860287,0.01647767465360023,0.007835264497721987,0.004337245528578076,0.007122856003806929,0.40122093939041076,0.023582520205248557,0.013130566637778639
25,0.006075865420141404,0.020089852971375714,0.013512976817909788,0.017577587340592095,0.0018397023954745883,0.007704427885858321,0.015493570400074538,0.0538820619722926,0.01954147358542278,0.6872003403946843,0.024750887138877024,0.014672443815431592,0.002619281436215511,0.011035429641928414,0.006853392079742643,0.021954096971288913,0.008823406081151662,0.02459824722794882,0.026943005898285775,0.014831950525303488
26,0.005633289289648517,0.016889573160993928,0.020151274001175883,0.6867066101000351,0.0126615894895227,0.022550366029072625,0.008364612323455601,0.010288336078827799,0.061586172343225665,0.007228113591204185,0.03175120329083937,0.011867182053990476,0.006729224754061716,0.01500130752036369,0.006472408209519304,0.00546841439763204,0.006264386450158456,0.0342119107281709,0.019724036558675353,0.010449989629426719
27,0.08548702335054431,0.002315290972160389,0.04065906758197356,0.006465797522923869,0.00453822388935433,0.14494217391250555,0.0674712497330603,0.34970623040632737,0.004281502661943354,0.09915560839587664,0.060131214895227686,0.02192204542402495,0.0036572762053688076,0.015629465309833217,0.003507957384609682,0.029271128137507027,0.01960030028498893,0.024152926908088658,0.00898860190135641,0.008116915122324934
28,0.3217706962465787,0.0031420123708889016,0.014021263679650989,0.024331934561593865,0.0035810916773068684,0.28976396366732576,0.004804998482356647,0.002503672375368766,0.00675255268447966,0.0015977770067211764,0.018182461991911272,0.027325024114838493,0.005632276817264687,0.021885235383155236,0.011452952882565728,0.13730615647216227,0.08664327115052745,0.0029731372090381044,0.012723967413806235,0.0036055538124591586
29,0.08093605735936672,0.04898553868071952,0.0035703768993505134,0.03181368251000115,0.20694011720410455,0.04627887232609612,0.0009939301713097844,0.0010756819306013755,0.0017828385956619737,0.3364379184831354,0.00603190406340391,0.0016683795756531,0.0002810009221778057,0.007087579027017416,0.00027936115659355155,0.16172693561065277,0.022636358649905475,0.0020017403782539825,0.005700238444834472,0.03377148801116033
30,0.0072166581876318275,0.7125102879667423,0.012815237043277467,0.01345813440440184,0.005609813150253608,0.009317405007042636,0.025134880718031587,0.009924715684105648,0.019307411668703832,0.006033443138170129,0.022963417645301097,0.014122395126684449,0.004671720597192143,0.01871703322813384,0.01759184049983932,0.04033298255799431,0.013632756403875956,0.007797774952812573,0.012008236452119072,0.026833855567686287
31,0.018142559902103544,0.006641186592691547,0.010028203556810871,0.004117245037379582,0.011430650955387936,0.0025630177668083585,0.006379139202183846,0.015279036340764964,0.006854383381732828,0.04192831871053788,0.022374911225690658,0.005959589049770411,0.00238473357581137,0.010189164627242234,0.002778262584947194,0.04914710904114284,0.36791511125267506,0.3978619394783335,0.01250145329487259,0.005523984423112769
32,0.021317356761238207,0.0077333662936214555,0.010660224386994474,0.012662664579861876,0.00929689298940012,0.005556335983337495,0.008256488174991904,0.01355308678700939,0.014186484232459256,0.003415382591159436,0.01616074394067169,0.007254542726681551,0.0022898264225287186,0.01210358682193136,0.00364150717754798,0.006247888508877253,0.8069466402721895,0.005921457622152403,0.02491288550243196,0.007882638224914022
33,0.03141733199182399,0.010194032880727278,0.010453561398765014,0.03417320446094308,0.009351592793642428,0.02534780222375739,0.015537403641248167,0.025083304236538727,0.009032070928717589,0.10939597789848572,0.09004350042387416,0.032340933152622695,0.006811670384624839,0.007165705641144045,0.004524967183048161,0.005534321730336029,0.008257114898913202,0.5272366457577681,0.02011942624349891,0.017979432129520457
34,0.010553089763416441,0.01424914794112822,0.016663123583690927,0.012705400045331177,0.012726524138761587,0.004983613794907782,0.02384273564644319,0.008477962208233424,0.04699967389542764,0.20938130473977745,0.45236191996071046,0.011383347529643628,0.010752079952321773,0.024028432404379494,0.004692701385211741,0.022545139767915865,0.03328232430834994,0.013048022909629748,0.025002083098386488,0.04232137292633304
35,0.19571215107035192,0.05055194410197058,0.0060815771811321495,0.0001889588812194997,0.010176261307099302,0.1453350725848399,0.0032225311397723233,0.004710921414091999,0.007102154278712287,0.003050399135595963,0.009516262341781972,0.007030858878002886,0.0018251008694999302,0.00468817131476291,0.002732515245286352,0.49644641436338677,0.01788930503094658,0.007676153547880472,0.015451185260978292,0.010612062052687969
36,0.07076674074689258,0.009798411994347297,0.012628487475020777,0.07903080718575502,0.010429358664243705,0.003928222238383453,0.003182442094382082,0.014236228232025132,0.22182292056661368,0.006867632148629448,0.24520946559945245,0.01826213041925922,0.011038933897203847,0.10345869164277492,0.042493390386839,0.07295042702501736,0.02722406607461311,0.01459007227382974,0.013073327745457098,0.019008243589260097
37,0.33110773464126786,0.0077148877514920345,0.09182570638250585,0.01412828874510936,0.03746266818806784,0.05471813981090223,0.008709109806642426,0.004279637208638418,0.015128506638489643,0.04191052126488252,0.019020632555032158,0.204628731438363,0.0010792391398527113,0.004747691908175135,0.040005166218616495,0.0674584647064724,0.03528214243095874,0.00967977834183176,0.009857023470248505,0.0012559293524508728
38,0.06751807172582293,0.019215605989059772,0.01563730662198101,0.02187231694193645,0.017709051996146745,0.005172548757954235,0.027689729781167283,0.008439471285948665,0.4591098754926579,0.021135873919808992,0.06758849722586278,0.003235001484854692,0.002819000407924827,0.010844291205712385,0.18740493190084995,0.005004889248917116,0.01041382770368275,0.010590056545456576,0.02141151728477257,0.01718813447948241
39,0.004797830737593655,0.02615280208399953,0.01658116849782589,0.01976866827277697,0.019523455512212372,0.010619303362315534,0.009476528720479858,0.014460021646766899,0.016052953290565594,0.018433174004246624,0.023296445736390194,0.02648027594768251,0.6721272376701387,0.0020799239677690897,0.005437231826543409,0.0559848649743916,0.0025757380787238167,0.010812175844829817,0.025102577089678137,0.020237622735069755
40,0.023683319722704925,0.026076880238788472,0.012984855045233891,0.013727930086901988,0.01926506781370302,0.010315615513636096,0.010099992023283154,0.016073536874940605,0.016103391839479522,0.005968026372791176,0.03164308358432523,0.012201890481100031,0.005484547144952099,0.019424538647011182,0.0041405335117142865,0.025336907340874387,0.6923070812950906,0.012631918642678236,0.028903605723412888,0.0136272780973782
41,0.014843904665895807,0.009802508098677104,0.00941605471301717,0.008313819725770224,0.10158488172706467,0.0038895820191315452,0.007854552814920543,0.03151072174537883,0.009273634410534937,0.176375382220908,0.014152076898321733,0.008361604970883545,0.0037708747230294584,0.011949501380927006,0.004338882903093096,0.003522666886044611,0.0059534288446962775,0.5343924854185433,0.018608766741333445,0.02208466909182871
42,0.00631018205319427,0.01143814203742349,0.7563303915580569,0.012190020205772907,0.016078713255287234,0.019608561072846996,0.008870607661737738,0.014083812917784743,0.013568929815559022,0.006383915960050581,0.023111527134113255,0.022628379528364523,0.004161845328860947,0.01507532597168705,0.004816445779179839,0.00389035007163477,0.005817412213463864,0.027794946151634862,0.01986986852677089,0.00797062275657607
43,0.008234697482917715,0.017631533131189772,0.014905622671235935,0.014044405747335151,0.036025326523494695,0.007939867283862029,0.026174733161388065,0.4716045398451065,0.03812876605634732,0.055521818914353614,0.03828534826603563,0.022342537940732602,0.004230832739232128,0.023947568886177134,0.005736408061666108,0.004759123469679679,0.03679387120432833,0.12479941080946255,0.030271474979411257,0.018622112826043796
44,0.024144144269892705,0.014443909715353812,0.029714720034438927,0.6940172415505139,0.01652948402294636,0.02104251314826843,0.010126182600922224,0.007073807637923032,0.022189811545324945,0.014931602817909225,0.03266547625844676,0.012382888512495182,0.006616308227147455,0.02322936953667368,0.005445493778603338,0.004564773881246307,0.006196844439461301,0.024214513350779676,0.019594256204002035,0.010876658467650643
45,0.010804323324207612,0.01829126479412203,0.02185751087070478,0.01692635298157407,0.00470033468738317,0.010210271922927667,0.020576171708359747,0.10435768992074716,0.025263051497207416,0.5998067015452551,0.020373461405863835,0.025774335535111492,0.008221540902778735,0.012468663572153545,0.006591886410080205,0.02869426628015426,0.009777600143702091,0.016152390633610486,0.019272174670836893,0.01988000719321967
46,0.053318557627672465,0.007033406354008004,0.06890722280258506,0.0626046066830049,0.018987303938860396,0.005547508923966837,0.01144229983815082,0.021249260826901678,0.009481834946145571,0.0022988615694202476,0.0257594729924511,0.008513502085063393,0.001756937840436609,0.009020334030872395,0.00487453851741379,0.10362624705103912,0.3040083829052306,0.2430641712862478,0.01609947826985335,0.022406071510675883
47,0.3208486842265643,0.002895985424215366,0.00255564932173176,0.0050559439533773955,0.005320035808021492,0.0179806331002688,0.047356045467965985,0.04063336376621464,0.023209182076852308,0.07889558577966906,0.10781938723584786,0.004031442183532112,0.0009105130790470609,0.0027511658879930015,0.11960018629019037,0.07495638727339284,0.07831790323663136,0.0022164022949813784,0.003963601754102406,0.060681901839400504
48,0.3161814332409038,0.022193935204375993,0.00929846080861561,0.012654015038222952,0.013228944662305914,0.006352840947105612,0.006187170498939313,0.02388176365283354,0.004373905839273805,0.03409150717087499,0.02091239219854438,0.008551157202792542,0.0024510829964145176,0.007726852974738954,0.008822796503174876,0.13136170571805048,0.26891778615654355,0.0762957810359748,0.011729807092304615,0.01478666105800975
49,0.02177110139707227,0.003713322002226944,0.002978660509974435,0.004058678728192381,0.00211351647995963,0.007024584181995741,0.0059989435096888645,0.006768913512357212,0.015482292738433958,0.013480204042338581,0.01982667193331287,0.003551090779086875,0.00016835071360773982,0.002435326430614784,0.04204710923629419,0.3048473654980963,0.05977281141950881,0.42125857892139973,0.012493137999684035,0.05020933996615457
50,0.035576516872232525,0.016875346141097872,0.020698356552771757,0.016662332290844073,0.05558570615577441,0.025828043544665745,0.010868713350075658,0.015808680331581344,0.014670470523107935,0.011790079223282155,0.03476189324324361,0.012139459913919692,0.0019432926438270376,0.010684536889083556,0.004349009377869437,0.004293548087585473,0.014266123462487644,0.6589835569980984,0.018958416740099973,0.0152559176583517
51,0.055936762638103474,0.013572823735053304,0.015072286272707675,0.017566951937569096,0.011423568277814964,0.02814742051729346,0.13735023250740838,0.007836241948026356,0.011570720568643236,0.014034207284386403,0.02315232760500939,0.015363278481164096,0.0027283670686795744,0.009257855537509796,0.004399135148274868,0.4033449904915417,0.18843220949530404,0.012475784742397397,0.020322677448199572,0.008012158294913157
52,0.003945145643348572,0.010315581800355024,0.022066889344377467,0.007127843825726785,0.005235167053828351,0.32987248740958947,0.1152324785577722,0.015958287931941352,0.004904218746087703,0.002060198412655829,0.014031552836453125,0.3251344754499551,0.001296456919465301,0.018159609303532886,0.004417807122242334,0.020181354251307453,0.002126793780844259,0.004943951949888856,0.05377377374675461,0.039215925913873254
53,0.006320834405075707,0.05314599650852968,0.017174193599404232,0.009956728738887165,0.020352577817055795,0.003919935754773991,0.007171682290928268,0.003586216505910626,0.008303216864799231,0.3122781571843419,0.46617849413873563,0.012869646626779519,0.0032610963354603,0.009420299568557581,0.004863454753956649,0.005071258002286452,0.015487163711896196,0.017996855557496368,0.01055798394845348,0.012084207686671242
54,0.7532242305440106,0.010247025302548044,0.001709566900710107,0.012924669355839195,0.010443790413312604,0.015976690218445735,0.016892220402441684,0.011817944814820338,0.01782539202189568,0.004081946820988963,0.019898554416337106,0.014141120700916531,0.011524311820148151,0.017320633635568065,0.004586156470548927,0.002907240946388568,0.017196924953254873,0.01996081374289909,0.02334904601502131,0.013971720503904527
55,0.10471203708161689,0.007664188767819044,0.005955716274254932,0.14803248558713072,0.005700123679678832,0.010266423319078306,0.038923923274957646,0.013368140067778433,0.020175754455969166,0.04391256127424831,0.03686511386372959,0.005472196021749314,0.00942172064300016,0.003902403552689258,0.0031330792449343033,0.05607695382162366,0.3596543012122857,0.11293471418561235,0.004659676829676778,0.009168486842166692
56,0.018135484120672233,0.004070115628917953,0.0038665061023492953,0.022556747774780964,0.004651682610873428,0.0022504955323877987,0.004377076740660487,0.6729431770184204,0.010090004246588086,0.0019328098330661956,0.01772843852189957,0.009623096051899576,0.0008930240599591521,0.005775074339239141,0.0020037506604194946,0.001337902303502023,0.0017573260225031114,0.19895192073978513,0.013183154685775718,0.0038722130063001516
57,0.009443381367894086,0.011457661087823525,0.018003949030637904,0.014927152610017638,0.010635590015713322,0.05514483403705467,0.008416278274600333,0.008640034660108974,0.12455935257647117,0.003593467493189326,0.0206620493086819,0.011797270896669026,0.004608268806556957,0.011232960734353753,0.6357674798959597,0.0047160248638836695,0.006651729674977261,0.010929295504101296,0.01798131970584062,0.010831899455464897
58,0.2316483843355045,0.00265129348397927,0.05406276468630424,0.03357652690166082,0.008677747156362966,0.013881180790435184,0.01906119314335829,0.018191001719991745,0.004589906491552903,0.00229940661051164,0.007173266347937084,0.025186303287082882,0.0020011537580589315,0.10683346504565734,0.008737559911577774,0.33196849486697017,0.09663646568440419,0.02265685002657636,0.007578975960358706,0.002588059791715043
59,0.014422893411361553,0.029832942364768356,0.014891642635298573,0.01621644287507514,0.016503891958302645,0.007515532991098447,0.02170435013172055,0.011530589583347716,0.013589886991035081,0.006373481546401998,0.023317766092774236,0.013645716760151671,0.006341646791019528,0.010957292286532017,0.006811715427783773,0.014007825936630315,0.008517276202848955,0.00934987957672516,0.021998248694201097,0.7324709777429232
60,0.005835139690383931,0.6871338703386829,0.018560228898278363,0.016876589198739866,0.01007274443356379,0.01141407953742914,0.015385790919086022,0.008758211106119218,0.020288996518996516,0.005507428117107585,0.02127544386820465,0.012706178298147547,0.005833884392533002,0.014756946951211264,0.05750530496370153,0.007917910882767413,0.0075250227148498565,0.007003983523461474,0.016611117447249562,0.049031128199486344
61,0.0026384536436079016,0.018145384648568016,0.006925945655577665,0.009590161188982989,0.12959798460659475,0.004646299280233098,0.01670709380360676,0.013797497591757125,0.00936693763995978,0.23421557780258914,0.022843087445246546,0.012138647164755031,0.0009894899485478135,0.007230654307371613,0.0033082336767142834,0.002340750773274681,0.1615903000351385,0.09618976219203046,0.012000383504678113,0.23573735509076574
62,0.05082914246220879,0.06514953733632144,0.05817937444646943,0.3712268072530443,0.013962577487182711,0.02079141944812048,0.02284829347396914,0.06480851386300898,0.021732814553632483,0.005130378216367184,0.03489101696617042,0.02394932894328841,0.002184156418126985,0.04621397214356348,0.0039435697385996945,0.0848713445962876,0.023280261763389102,0.03568936529119287,0.011089669078239016,0.039228456520817474
63,0.560161735102559,0.028861490645274903,0.023565619722595767,0.0020258773887142432,0.022699707853123655,0.02395217066240079,0.0186286858005885,0.0239201683038742,0.023482823223630846,0.012526115397803073,0.037081991491840854,0.03038487144007481,0.0036948673445112022,0.024073739252214194,0.010130579321473,0.05349031417499741,0.01834533857257028,0.03513293161259944,0.02767154499580655,0.020169427693347276
64,0.009213848875298304,0.003001198364692478,0.0036328582266453567,0.015606446152651051,0.193234672818959,0.04380123345097063,0.2227986741783241,0.00454675425033637,0.0019194976824975882,0.015659664168260035,0.012988394500500428,0.2911004955394518,0.0025934669018393293,0.07202360075417867,0.003970481801545002,0.026228691391350575,0.042047954518042004,0.002777917314068096,0.016097322992188485,0.016756826118200695
65,0.006013602761100714,0.008408476066671073,0.004647175310962556,0.006282393978864901,0.005919548826259164,0.002771064033002923,0.007910342542954777,0.23391204957104478,0.007235735773244801,0.33205890765673907,0.04864038592889165,0.006707028452725308,0.006097363020325989,0.005269489631378609,0.0025151793775942594,0.004583728349463761,0.02467225651235661,0.26950928867422796,0.009719589042365716,0.007126394489825321
66,0.03140801553126017,0.0193096679381637,0.00529957399899912,0.03410358023813714,0.03253034185786175,0.0456248832485134,0.044328722930998404,0.008456463187448292,0.19593528046832812,0.012227991217525064,0.013436647175451713,0.029374765628788924,0.017952166009490303,0.007863651451911539,0.07711264243952744,0.17902049256172764,0.0481782711224997,0.005477575068313179,0.0625297210824251,0.12982954684262932
67,0.15186883664246795,0.007638927770814453,0.3118285364039876,0.09370077764212675,0.011232722348581418,0.015634569771858054,0.04339070546332108,0.005398036852362979,0.008790284126314577,0.021729949310607538,0.03816025006203195,0.10553464939601603,0.0009832721591339112,0.009779421129986062,0.00437117507519988,0.10742791292187653,0.002547676260287397,0.00936563584518797,0.044688891793994365,0.005927769023843437
68,0.05841469831801806,0.03542617482436498,0.009030377319688535,0.003387650964994851,0.011304613749085052,0.0018677536500469034,0.0027030372817478505,0.039043249483175536,0.0026106344745437902,0.006889369470815647,0.14957963314947031,0.0035490254160081805,0.0012783543988624645,0.02220267181274656,0.005045550589156054,0.08484871285096418,0.20525794114669688,0.3063069843249076,0.04755228341716336,0.003701283357543258
69,0.06571062698283976,0.03340769271893924,0.0003329887426705082,0.005093004047949867,0.009189261025265395,0.028723217615072825,0.002452510914665944,0.09082910170351627,0.004817819552654962,0.12240948369319399,0.02354118325924948,0.03347404801779238,0.0009128656104900667,0.29341087540843463,0.022411674851534072,0.00391709017899301,0.098815472789148,0.1459249403162759,0.0043152398695100996,0.010310902701803638
70,0.029509874723219143,0.01336684211675776,0.02004818528671987,0.008965724699087777,0.014689864861905795,0.008044731585347903,0.010860361188693341,0.02590941217168833,0.012889881899819815,0.014524227146011984,0.02873859530352854,0.019086603166845878,0.011434483292228707,0.01778793461926582,0.0037478374635828027,0.4974959103067098,0.21001782312616873,0.007853342994172827,0.02667162811625966,0.01835673593198546
71,0.0713998485806949,0.007107694095123162,0.24942644009395282,0.4312035399741273,0.009927203883189677,0.008218106996623025,0.006678329746276256,0.04509388390277437,0.019167810483474247,0.003992163916360104,0.024773666322973186,0.01929591316059014,0.0015291580329821986,0.022233413221660114,0.008792354731897533,0.03499494563637693,0.012811000191230007,0.009823927184302953,0.011870177314854423,0.0016604225305367193
72,0.02013174934182339,0.025874352839214708,0.015232946344606325,0.015358315295980031,0.018670192818355004,0.03775879977394004,0.016027591181224644,0.022648402662339452,0.014941251874973987,0.00514226108336945,0.01781770151995733,0.03370766622629593,0.006764900015486514,0.015347427561587893,0.008182287328966515,0.6500420226574902,0.04009957722245523,0.005675039456522616,0.012708859272574207,0.017868655522836552
73,0.00767565261420099,0.03308982031141811,0.014122872927002823,0.01772618186282391,0.012620697776364606,0.008830686973786707,0.010928912620403852,0.009860036265021875,0.4900091516950912,0.008293517564572991,0.018956811070596553,0.009878104339428248,0.004732391948405783,0.015486284197073753,0.2652860687932786,0.002799916297758411,0.010524545318063657,0.01707236055438577,0.015956006882133743,0.026149979988188455
74,0.011237206528960991,0.6227565123475343,0.026046869783306455,0.02014458359164622,0.0037861370975570273,0.01377463791514467,0.011960379735222341,0.01755645885359469,0.02464355265407275,0.006154722987969257,0.037531150939804796,0.013731728623204733,0.005090606111340777,0.018537625298535948,0.027444027956046977,0.016845970101713674,0.009589859759944232,0.018739914736272376,0.051482776174016726,0.04294527880411097
75,0.009459258183884127,0.024651170883201703,0.02011697595387089,0.019939226510086033,0.025284223550949298,0.010763829955204371,0.008498158580329604,0.014412283016184404,0.015889552334893562,0.036872223199461714,0.025219806049687373,0.013114787643125942,0.6832606420427744,0.0029555393732431496,0.005361354671121665,0.030974344690994172,0.003728595257813126,0.007892548183203603,0.027978611370370873,0.013626868549600041
76,0.04428838530751033,0.01090559677516752,0.013875440956263302,0.009986609488058889,0.004443963857260415,0.006926537637117025,0.005161392401375905,0.009071707588723691,0.004163952254560373,0.0026011553470823585,0.008983477141806941,0.009961285644080674,0.0019220106973421558,0.009468453363450886,0.003134096572092396,0.6122475365917622,0.20565002283820463,0.005859860181679588,0.023304182110584118,0.008044333245876611
77,0.057753243026670294,0.009375615883681594,0.012129659732111131,0.15936669065741574,0.012011852386085901,0.028139752369897672,0.010005751421222245,0.009080726245982496,0.007978981249838627,0.0060492233227026635,0.08605955534181262,0.10514176944338086,0.0008195118463610024,0.44079141672187916,0.010607816573282894,0.005147249673936112,0.003809642110259649,0.008116961770313038,0.016905491851985532,0.010709088371180845
78,0.006277354883726941,0.009857383529954918,0.01857056187576838,0.00963945344435337,0.010276615627022518,0.765281118878179,0.008852170758071704,0.012748628054424796,0.011325849738346843,0.004507811477886165,0.027163922106445505,0.01233900394759357,0.0039045503393175594,0.010431499885984123,0.016999473785604097,0.016871975464322106,0.005411696092839783,0.013328206724841678,0.02212707389595382,0.014085649489363208
79,0.04568744168041775,0.03298901874675599,0.2424300276171477,0.26898334123946377,0.019421713963543027,0.03364371498490139,0.019737005255488476,0.029518449299462856,0.005945278398105429,0.008399279032724407,0.04740384731119999,0.04434212380649151,0.05465035561931435,0.016041248621447072,0.01060942114233541,0.009553172403288106,0.02972567056941569,0.01360555805623088,0.04303883781954025,0.024274494432725977
80,0.4011872054267985,0.034223525448394236,0.0012625712406805904,0.033506473120079545,0.04701875723094784,0.05298641271891562,0.02600610006579084,0.033194171762673974,0.04032802137390128,0.017758597300774864,0.0467433049429573,0.05042858822740488,0.03172381682113415,0.026298429086190914,0.016532919444831057,0.001333248369274218,0.015435410890010893,0.04280067291493099,0.05218982169894253,0.029041951915365852
81,0.00188840780826335,0.047058192222976865,0.017767759900121218,0.024853245170045737,0.011913250289731494,0.02622408728390258,0.18109348708398687,0.016346699529217606,0.046291592325456994,0.10729273512974523,0.012895864896735287,0.07807432504136962,0.0015564630562901532,0.0076501063527280025,0.030717880124466586,0.06520897284593896,0.1361203983666457,0.07752250157519912,0.00630946068228544,0.1032145703148932
82,0.007556248205087526,0.04837213084228065,0.02535805626286645,0.019683962482511173,0.04083353592408462,0.007145874024051831,0.02977612499403905,0.19558409454276027,0.023183076844129805,0.4085789813308377,0.024582201091655015,0.017521322095341515,0.005170932348956309,0.006987419084008235,0.005043209545387313,0.04711768793742958,0.03409865801408867,0.023880785790681824,0.021068317044165612,0.008457381595636849
83,0.1004689554456557,0.004290914464667757,0.15890749928573822,0.05922550177897103,0.004959915953336151,0.0783517756988698,0.013134378374388146,0.10764092570653365,0.010817783535275807,0.059339818157106275,0.014305372425042744,0.05132247392573427,0.1267802944029201,0.01485621206471622,0.011034903214790748,0.02468844757642963,0.03853302048379521,0.1055224193795023,0.004706856445010013,0.011112531681516257
84,0.056943189319646606,0.021202195201999008,0.013347341468660016,0.0059497062914109595,0.012658773653409767,0.11238222586229528,0.16805369994748376,0.026029696592713408,0.09716065814104255,0.01543238034622936,0.006155967149351042,0.05574750607508644,0.012452136321875477,0.2023520674846035,0.04332332621095298,0.03506282575673367,0.027753897367552252,0.05458392398763751,0.005836649305970672,0.027571833515345805
85,0.011353525267057081,0.002386825401383756,0.0031891733255420512,0.022698506585451854,0.002183060221734313,0.03704165617673471,0.006328113726576171,0.001720710148439688,0.00040630960518888256,0.052925842356488645,0.7118641754047563,0.028215216148345892,0.00017939706055098044,0.037850735442468336,0.0025559295117022905,0.017457255425130214,0.0062929502392192775,0.050357736719734265,0.003895260877985388,0.0010976203555098298
86,0.24125541617287657,0.01169288469472856,0.007684982070398451,0.011519828463584264,0.005858946264314595,0.04085687580048473,0.017565698082100553,0.03995351662367299,0.0223840058261196,0.1006732079401402,0.020147536549090437,0.00913039609939926,0.02166646643549419,0.1648504366725675,0.0035084983787122353,0.1597836658090752,0.04662717029108736,0.0047825029958366745,0.016529226733461442,0.05352873809685518
87,0.01686763573987209,0.01453329914986432,0.4322549844872111,0.041876970923041434,0.011715100860970069,0.08501563733671492,0.024780399026212138,0.011752858298086024,0.030181064863914964,0.005356830825748277,0.02990213194660173,0.16555050323461268,0.002250134058781619,0.020683089098086204,0.00541418221118638,0.057933344537874305,0.005651087987907356,0.00914642733272615,0.02562305010013368,0.0035112679804545337
88,0.0014162134767223816,0.0035874347838410485,0.00364073516116582,0.0444355598323908,0.009772850167424104,0.0015635818072579051,0.0018403825080449267,0.11115371265000512,0.06485607538574185,0.0031326494467869624,0.03721437999899281,0.13550165451144322,0.05869937929206404,0.017205192454980762,0.04400921243679968,0.13723124796318525,0.04391467933069514,0.006577198651581469,0.017101864261085318,0.25714599587979137
89,0.46449807559670053,0.01618066057372441,0.015629527494166018,0.04881752943767386,0.006654384953859906,0.003567032595085044,0.007104113436109219,0.005947667506358794,0.002991541003830433,0.17601357128804554,0.02029135900959102,0.041625553657234506,0.0009311112296017882,0.10018177778788849,0.01621682615857822,0.0028217874351875653,0.0057357554623995366,0.006644742647124926,0.048984996288480805,0.009161986438359367
90,0.01634760889452763,0.056774482811235816,0.03802546873253489,0.021312805561552007,0.01616376797848925,0.02971100339139441,0.03884164892774045,0.020933971099651144,0.026721051136079473,0.014152941984800913,0.04885248079443608,0.04092153730556335,0.01418038275473913,0.01647194084714588,0.021099312581397776,0.033303955250629784,0.016314858388466656,0.020321234490968114,0.07559289496561318,0.433956652103034
91,0.1424917057284013,0.056441252894767764,0.014017870693980734,0.009830137176912598,0.021149669417999353,0.0050368337023828005,0.10871577449579986,0.033210049759237414,0.02982490807233637,0.11824349226397218,0.020487050009902974,0.0229258375124455,0.0017291577115464956,0.0065032533646307,0.003483533146696659,0.014756231011171121,0.06405720440386815,0.29915482156433654,0.018526111706181188,0.009415105363430225
92,0.007771310351460687,0.5860580506631653,0.02015120411993131,0.020674623622022232,0.010724424317260213,0.011382371872692825,0.019960879013991732,0.016529139326121954,0.030140710704005688,0.010677372111904867,0.026233492949684252,0.019821337342760394,0.004629252233959165,0.020964620520625515,0.017768894053105982,0.02814461663579234,0.008965554080958912,0.013803710898825506,0.08055433907187554,0.04504409610985559
93,0.0961730744731096,0.05203682848256998,0.019424821995810273,0.03262554772497434,0.05347004336120434,0.03878316894130951,0.06940469981259824,0.02411664554371485,0.3276644070639776,0.002828890182246371,0.031138358618564656,0.026900328919630085,0.001580597060464185,0.05565633282222407,0.015525946796179056,0.01612249892126243,0.08338519065736348,0.005969657312961115,0.029930559790131452,0.01726240151970438
94,0.09355981883376649,0.00964913836149401,0.024572435868619596,0.12528102955151735,0.01604817018277865,0.06345432854048215,0.007798336903736812,0.003923280737570551,0.04725243526138771,0.09925941080030398,0.014255096190925456,0.01015406612922902,0.004808540149933699,0.016949355732348056,0.1869364643580648,0.08828717862310731,0.053460683938775545,0.09546081363404574,0.0266670686204547,0.012222347581458374
95,0.07526033568946353,0.04339063214545681,0.011857006745552064,0.022230606305234456,0.020831934189907777,0.004261970985986147,0.0542564201303612,0.01939698812578597,0.08307331846841255,0.04282414323881443,0.06388226661965418,0.008067186123392862,0.0015828363993078977,0.07018621036783855,0.04388805303103501,0.13466164592708385,0.21617586884362827,0.033314732671986425,0.03189501716307277,0.018962826828025272
96,0.0037745992499023046,0.007913961759390596,0.010819226165714756,0.025665031872020645,0.258012327009177,0.004737774233948022,0.009249980745807075,0.024402797278343272,0.011523376817366779,0.29849774399846557,0.018372747763194645,0.031095460481888278,0.0028453879488028835,0.009425717216145406,0.003992031344134996,0.019989152503408457,0.00504980146504653,0.14484499260361514,0.06390209335400185,0.04588579618962587
