site,A,C,D,E,F,G,H,I,K,L,M,N,P,Q,R,S,T,V,W,Y
1,0.003349470209528759,0.004618355377443699,0.011424194709578018,0.005711008360966433,0.010306919542239999,0.0032977073949415413,0.002722339320452399,0.15128802473021943,0.0033954174862865834,0.006108979911238025,0.44058521964740965,0.004968026420956832,0.0010150535629265933,0.005565203793965476,0.001421790234619189,0.003032336359522573,0.03635811848857808,0.28739116819722865,0.01306029746762535,0.00438036878427273
2,0.0074548458439228854,0.020273643090024045,0.02200775465978759,0.016798953791441983,0.015194881536935094,0.058463242620687854,0.03027031880123915,0.0147082531757313,0.029976225825323003,0.007910357414275456,0.026262252663415246,0.0255374399173284,0.0059103079021029644,0.020035564629194594,0.5627221254354877,0.03296672106102401,0.011180264843894512,0.012594106215652903,0.05957361376317471,0.020159126809356533
3,0.005242246595214239,0.697049061862013,0.04872598760872205,0.018458758132662793,0.03256986871307034,0.009441278684968373,0.010491926850546694,0.010717474520893817,0.01237462931303782,0.004307250274584244,0.02085856600740099,0.012223875737852503,0.0036339546106806,0.015029068952979613,0.01084675447697416,0.016428403080839562,0.0063734586750839916,0.006843418397361364,0.009410009715493476,0.04897400778962024
4,0.009606452184854942,0.017740015707659804,0.02202764281959415,0.020967201762983802,0.012067351959892678,0.017583621906985376,0.0139817132604118,0.3592483486911912,0.01128058828966456,0.005039150461343514,0.08397371081371664,0.02783699027242911,0.0046691394298396536,0.021902706641065778,0.003716319354090232,0.009076572917191567,0.02101132430855542,0.2966155332042522,0.021348031490363444,0.020307584523914148
5,0.009932958414449742,0.010065175633646822,0.013204291625730051,0.048188497707480134,0.013571709450392874,0.770140125162532,0.008120564792239139,0.005598219850789556,0.015613614231197616,0.0029766475548675033,0.019402793895130867,0.010581832134823416,0.003684103648716615,0.012492647683807654,0.008383372794759683,0.004557624834984014,0.0045342227597120885,0.01083455801726463,0.01640009215164344,0.011716947655832019
6,0.025985764320702633,0.007785729211453378,0.008295397022331704,0.009719764355100505,0.01427465248579018,0.007873069728679299,0.004453132120943714,0.3955726868041122,0.007392073173940987,0.005208606711692204,0.02083640471820894,0.006864091240531775,0.001384039670604176,0.008327406891626808,0.002244885305831926,0.0020553791228474115,0.0027532268270606917,0.4400666095126173,0.019047396100495398,0.009859684675428844
7,0.014833016784818659,0.01577020438855618,0.004513427737240185,0.08488633419700699,0.010289006743388467,0.018152665058983372,0.0015900523205230944,0.009752971167890829,0.003189710446764127,0.07597518229760893,0.007351158301842433,0.07829970439421574,0.12559517159854153,0.23914282095470227,0.0031706471793832257,0.12424207557297733,0.05639823268219535,0.00284129010756795,0.005598257547424806,0.11840807051836855
8,0.01018553870506221,0.01049980695699772,0.20848315440854295,0.016284044879900806,0.010827218556420288,0.009090345521389327,0.00516528220746783,0.014854156273170256,0.005646762673296175,0.0023203978091146187,0.02015574719357875,0.5479949286345099,0.003220786524763593,0.009654873914150045,0.003253625143736054,0.00839207037725881,0.06795305449936477,0.007504626728150604,0.0270808153216924,0.011432763671432823
9,0.023201731195983295,0.02036437539366229,0.021417373106658914,0.016383230639797342,0.014010687220665405,0.04748220790199588,0.015436048363937346,0.02522807332697764,0.027432403489884225,0.006865866151932411,0.0330463103432154,0.012692158598411073,0.0047752195539197935,0.018099384335988136,0.6303182115872172,0.009837010881443814,0.021738625976858685,0.013766280366651161,0.023653900396436722,0.014250901168363186
10,0.01048528511045619,0.00808674106879302,0.8372078532414559,0.01542926439478154,0.005946281354545818,0.00937535168523416,0.016660284459181718,0.005176435966356883,0.0077490538903768795,0.0027365196439492825,0.018248663366576153,0.016682753668774118,0.00189270872441149,0.007333818519849865,0.0028796477517427305,0.002442184086079514,0.00293228697671105,0.004861615613225276,0.01799231043227167,0.005880940045226845
11,0.009132243991965371,0.03306293284889945,0.01344739372703081,0.018777073888173134,0.6247701098802899,0.007202693840779136,0.011348456447244065,0.05060529200874943,0.011004561051395901,0.011161535880941674,0.033524327916124974,0.017573675089616006,0.003800002603741708,0.017612901365000117,0.004165238370684053,0.030491039503967865,0.006576392711400352,0.021165046057570025,0.04562271716003444,0.028956365656391467
12,0.02646727815851303,0.013736425826849134,0.017460261100574567,0.01708537156663578,0.011616962993463093,0.011818453399997349,0.013556474182252523,0.04352556028632307,0.010245751175683097,0.006820378051788141,0.05913478717639508,0.012977788832708649,0.0036928020498389912,0.010646455302135743,0.004446174283354376,0.004273581083284981,0.00523910859671381,0.6794053992536498,0.03156725649762928,0.016283730182209445
13,0.00652929340867524,0.020383719027934448,0.003998459529206565,0.7041046091385617,0.014597440041346391,0.03576418301922708,0.013667943015868923,0.013319253332365829,0.02940212804471979,0.017716817406249637,0.025824408339313282,0.01674227565032496,0.004079521868914738,0.010463496550315239,0.0054767557473366915,0.005318354918889847,0.007961915988036451,0.020762785039019856,0.022195588983659174,0.021691050950034207
14,0.037083375126359806,0.01433616739620204,0.028420527089097584,0.01676172102589546,0.016234960881146617,0.6678755544619354,0.010301635353764218,0.015384143749828471,0.020361907845340952,0.0064379230250411435,0.030950488698253054,0.01100918803280042,0.002612486963611593,0.015232837509329975,0.0035910539852361894,0.03305811830445551,0.01250042993886966,0.024512714872736315,0.02235629973107365,0.010978466009021892
15,0.0033171984655513205,0.006508747850501557,0.010435123618676018,0.007359603889237459,0.34202206951151576,0.00361334959700587,0.006626265021498955,0.10744562172147919,0.014473644187020934,0.009332139222299257,0.33855621636610306,0.007835084458544682,0.0025542898059105336,0.008395025219452186,0.007861558815441273,0.0030045005295965565,0.011944514886482287,0.06319281209489225,0.03765789986776754,0.00786433487102331
16,0.05586123100754754,0.00856749331804239,0.009596016713347127,0.007693762756907717,0.007984267633485002,0.0041765710987031884,0.05532350443047409,0.006423595920995819,0.008389146420008745,0.012935307553851664,0.01862245038814072,0.012090980151106991,0.006059451332427946,0.008988090655826843,0.01563478663990009,0.660573524822461,0.07146802151821928,0.005406071047275839,0.013799256200623642,0.010406470390654446
17,0.005606795395235858,0.017754364666615202,0.059655538312951936,0.007679204858644877,0.00864670588179782,0.7518715508088691,0.010646333523745074,0.007781180660122788,0.011964737128048648,0.00475520084132133,0.023795123643040053,0.009682093746112522,0.003358978385237208,0.012762261757332236,0.007832794210425393,0.014786501191128383,0.004725024336327087,0.011549309125186646,0.012491164957213627,0.012655136570644088
18,0.5647567755601182,0.005715989801105378,0.006078711535458915,0.010947750732256194,0.008075051117940194,0.3235445119564639,0.008171668622382099,0.005152065759451333,0.004635106421932729,0.002357217232498418,0.016793092731848442,0.006649298610298036,0.0023223953688174172,0.006871084644169397,0.007821865860737048,0.0022254852593058413,0.0029278873660555193,0.0020989217335618117,0.005100261051756896,0.00775485863384224
19,0.04882129749107798,0.011807134039010153,0.010709199060126524,0.0140649335676215,0.015278427663778479,0.008459855506130778,0.007374826061436616,0.07235464779274256,0.012221677874937609,0.004924415658583934,0.023686768490974692,0.020352730066397727,0.0027373057430373653,0.010977760888056874,0.005018111030162354,0.00837588729438733,0.6787124845895767,0.007936607405566296,0.023382098434090115,0.012803831342304435
20,0.006326026654802614,0.013444838808666629,0.012351972504615933,0.011291988936166545,0.011829901375227747,0.008660274214379749,0.011281521783420366,0.009304781274311344,0.010750808463648608,0.003499031636284766,0.0187860149572868,0.012801155632257777,0.004616380642760525,0.010933396381715827,0.022296776568923034,0.011757609324621814,0.006284649271575991,0.006256952209980021,0.793810611788896,0.013715307570457825
21,0.011550071271371507,0.005845746774600596,0.005138186122571511,0.007002761304607836,0.017090313013792532,0.0049651087257147,0.005618038526112323,0.2487924720095703,0.006731462538525807,0.2585491850871113,0.019856466534207834,0.0063886676251088455,0.0014212912521355064,0.006860000838852535,0.0020503469691179003,0.003111117486056092,0.0029485576665618583,0.36526502044937026,0.014180614161943194,0.0066345716426676315
22,0.008567062495600538,0.010011470737480592,0.669905321276389,0.0826804686339726,0.012745694129432305,0.018542891377007157,0.016028673963173215,0.008656300896672003,0.012981775946914775,0.004402069539479113,0.02598858115962073,0.021900477361839733,0.00940547778165745,0.02070946029107367,0.00518003583027003,0.006785792841760428,0.006616819169465181,0.013158880285630548,0.013264495913673022,0.032468250368887945
23,0.01625241392191095,0.00952812128793784,0.010732100381428114,0.010560068206997283,0.056631385701484634,0.006728090049126304,0.01030043103212922,0.12822508455263962,0.012495197077511976,0.0042810082215104265,0.05230857606189404,0.009555195626132522,0.004788886905133416,0.014680197201160181,0.0045905630926472325,0.0036327142445914482,0.08859541500334958,0.5349884629078477,0.012177606975144138,0.008948481549423263
24,0.011797138538928487,0.011522414538123383,0.0071262192152996345,0.010835123853854297,0.007986277477274262,0.00954747994658373,0.013254861069750611,0.4452843484439749,0.017935968224492903,0.007823956927875726,0.04182931922541023,0.008674538756123869,0.005044637727261517,0.01250804844554262,0.00474173425950215,0.003993511351989068,0.004564695900737734,0.347775552057458,0.01865274371704021,0.009101430322776664
25,0.009814766119176673,0.014539480664423681,0.017303284378492025,0.014902999433269688,0.007274277624200867,0.008952423267379512,0.011112408321452457,0.06361552771859437,0.013294010285418864,0.6844267166502505,0.02973214114076823,0.017271230604958474,0.0027739060843768515,0.01299611018730435,0.0045085617789797725,0.018871698410338648,0.009297476418111425,0.019141441574264475,0.02516212420783083,0.015009415130408389
26,0.00674334955610384,0.02009365240990786,0.02621175381017619,0.6749602285433922,0.014921127662442836,0.026090492081823714,0.007521543649346,0.009722880142099485,0.05992604790682748,0.006259887779750696,0.02227335303324699,0.009635284669962222,0.00827881971258188,0.017257899024251247,0.007372228588361824,0.004733581172636528,0.005547984445697013,0.03746234642116452,0.026487187858700197,0.008500351531527254
27,0.08812920438504596,0.002081905708344296,0.03621814210812116,0.00504179474328097,0.005871670287649716,0.1202992013769812,0.06981920009589347,0.36519280976269036,0.008193597048796818,0.07777756898745297,0.08381221917477226,0.036885204398259125,0.0037758390123954484,0.01155879123594098,0.00433573713419091,0.03489729001463797,0.01385663719967202,0.016940787789982675,0.005829563840294051,0.009482835695597644
28,0.36256450599415274,0.0057595452717819386,0.009172590741738434,0.028659208931489457,0.0036971418987180597,0.2708069593680035,0.0046345756029600015,0.0029078068531526676,0.005861482906258381,0.001413059287903503,0.011122191698605994,0.033294687331599224,0.00582527364403971,0.02129098258804936,0.009114510201234598,0.13354215885493578,0.07173196461069764,0.005040942568302488,0.009054326158221902,0.00450608548815462
29,0.09480118892834062,0.08773468846048552,0.004129745376516047,0.03448294996307855,0.12616940452140146,0.045092176720106625,0.0012321624414207177,0.0007068195021984675,0.0029574397767203175,0.3399054846292313,0.006272954859990838,0.0031113053344055896,0.00036826234168534143,0.00873460288159961,0.0002984821168319865,0.1698222115447041,0.027352445431745753,0.0037629570108873443,0.005880555542365583,0.037184162616284246
30,0.0059090435129769475,0.6906542779812352,0.010773247305542173,0.015892098091828524,0.013196761911761607,0.007951187733713208,0.02273473001189602,0.008887674330797013,0.019820171031123584,0.00536308636031781,0.02552648553718874,0.015394723371722017,0.005040727817386663,0.020090623864794713,0.01945021149469907,0.0422122192671889,0.012675260587007143,0.00908121384225262,0.014583441252487223,0.03476281469408078
31,0.01601805661611247,0.0066203313967724735,0.010333241540862436,0.00518840860624712,0.012418284455256886,0.002758084062622142,0.007431114603273529,0.034218186882704414,0.010696835779275446,0.03855415838157362,0.014931117711595781,0.008555541933766344,0.0024692096402976916,0.008359684654766556,0.0023315794215875963,0.05857617132937516,0.3311446398765069,0.40858819198403373,0.013911967145677826,0.006895193977691889
32,0.022934086418556,0.008291695240473731,0.009482802546633888,0.013730924349139462,0.01025811253052379,0.005841832266856623,0.006331074497326632,0.014677274447756662,0.009490503342272291,0.0035400438016777542,0.016892406308021923,0.009647254838566781,0.002772205678121735,0.01193151003187894,0.0043261824268526925,0.006198116552573958,0.8133728424190091,0.005821719033843318,0.016419437148258813,0.008039976121655898
33,0.035270135667625054,0.010521120027177122,0.013406491550163437,0.034126473012074325,0.010112047849989429,0.018466975515071083,0.010953606084477036,0.02914816940873339,0.009148109321267287,0.1167994047975736,0.1442175311522483,0.019099841247742375,0.006921897419311928,0.00901512252536322,0.00541827900757647,0.005477041883052528,0.010357370908378958,0.48530988566866856,0.011529901138427215,0.014700595815078708
34,0.013223223085471336,0.014000201790423552,0.02318851167425422,0.011698920274390795,0.01180760092049385,0.0069766785771197565,0.03489988859343215,0.017166946457593677,0.03650227930128139,0.20232545824785958,0.4585885003161048,0.010988048233180567,0.008354896240594935,0.018170450142835984,0.004405168465605548,0.017152920248844666,0.02888137672277993,0.017311332649408165,0.021412788720190465,0.04294480933813461
35,0.14716991439118884,0.049282621735497745,0.006560300137902678,0.0006779054426866853,0.012834069045302288,0.1596682968346546,0.003789619175724468,0.00417297574014396,0.005349904731406742,0.0021836554264874513,0.010442666011331675,0.008848334611063054,0.001217805827659707,0.004291682090037287,0.00188513989276517,0.5376361254312987,0.013469666345571884,0.005828590009727508,0.01840947238049925,0.006281254739050263
36,0.06174848975655143,0.009256729952454693,0.012738769026943802,0.08008497577874786,0.020994700300413446,0.00481670887611584,0.008350870564613491,0.008720850654793694,0.27502915007213685,0.004554108566088211,0.2177941737911613,0.008156369442596055,0.013590215257905991,0.08803656163454217,0.04397920290768143,0.05482234118348206,0.038008765033443845,0.009315372997936345,0.020822910853086064,0.01917873334930533
37,0.32020893709456166,0.00515773057115984,0.08145388599793169,0.01798212750529574,0.023433571361540954,0.07095478566226569,0.01213170856175002,0.004170083027483855,0.01742823140671752,0.039325613782730445,0.022387630472338254,0.2380162843781346,0.0008440728451585837,0.005219003965477891,0.026135324010567534,0.07882440649280249,0.02000885023345691,0.00587492775637832,0.006048280353808693,0.0043945445204392536
38,0.07364898917294055,0.01611824314157014,0.015395561117269318,0.031255154985265605,0.013001406427624105,0.004091765823787662,0.027701532028536122,0.01182345207847876,0.4668502409645216,0.019223589565396076,0.06241545128511326,0.013830249665335253,0.003768312002125734,0.011021733600524419,0.17659774771495368,0.004183463761526344,0.009051153160308608,0.012708762117046747,0.014698092903651056,0.012615098484024917
39,0.005701339394414105,0.015551933366688687,0.01910362556067691,0.016053476137171053,0.018178188660513666,0.010897309623857626,0.009304853483199227,0.014888359471309533,0.022604406271972948,0.018221205348450686,0.026802560970738937,0.024717735577754762,0.6460338211639651,0.00574000479668446,0.007003808953380825,0.07029208392089055,0.0071520237743872145,0.009065713986406135,0.031201273920876186,0.021486275616661457
40,0.024969310005985165,0.027231381570007783,0.01163574252144769,0.013202498127605574,0.017868863962208846,0.00958566470691261,0.009031309299266274,0.020188300245024052,0.018355996842215117,0.005581983549450505,0.030433988164320528,0.01349022952614992,0.0058603213342830855,0.010973947634526074,0.005042682271005684,0.0313337505672313,0.676971365096321,0.008897441774431941,0.042653692983813225,0.016691529817793635
41,0.01350211292579412,0.008003858895199563,0.008779653646484578,0.006813857422793891,0.10963286193531614,0.004250113539963217,0.00872799604989508,0.0254967059764533,0.010476194488553948,0.159840345062228,0.015336725108632081,0.006774245713960849,0.0024821132482633697,0.009203621978046948,0.0035292614775354267,0.0031006086588305473,0.004914196680432127,0.5654542349945811,0.0118219427561884,0.02185934944084728
42,0.005003745573199601,0.012346176674784815,0.7350837943087832,0.017836654312330405,0.01726504144764605,0.01844981235316847,0.010842746382050522,0.010251021726724267,0.014599670643774971,0.007328621012495666,0.028326746175628813,0.02439655364998198,0.003669575120606456,0.01231777947643277,0.0054335692277478085,0.00570053716240215,0.005485814591132948,0.019593795605597,0.0314936995955439,0.014574644959968191
43,0.007837618986034193,0.013085160824485815,0.015006278215498117,0.024555425865457833,0.041931303965173757,0.010441714711018294,0.019595759194511293,0.49267562519463537,0.04102139942213127,0.05286101931641311,0.031298703364389106,0.02367785918560689,0.004005709577791355,0.022572231870339327,0.0057291243300412594,0.005804047207799901,0.029507849139835878,0.11704973886436291,0.0282849620828679,0.013058468681606428
44,0.022509653615078087,0.01246433756552358,0.034083020339919175,0.7002477323078767,0.012857370813271847,0.023982073281821618,0.010251738887804972,0.009226128014343334,0.019719307964363716,0.011887852074809819,0.031318553693813894,0.008392069075673745,0.005850946677578407,0.029162843729905484,0.005873787980698936,0.003871925090025879,0.0066167154314376265,0.022680541039031072,0.020045473483303024,0.008957928933718948
45,0.009122221671778428,0.021453669437147584,0.036836463968482676,0.017528408565081303,0.010410870486702518,0.008203433526083496,0.027612506880303294,0.098995178630422,0.017705243867178082,0.5873640126171021,0.021067442469220318,0.03145312061070512,0.007522095266760264,0.013450199121187216,0.0055405933614119515,0.022807124757833704,0.012550695007119684,0.01432099829738708,0.009382041836123468,0.026673679621969613
46,0.04003753445674999,0.011225687108765205,0.07518767064551525,0.06970395517253945,0.01940035742715122,0.005846526195311525,0.01208356342121599,0.024823018405313195,0.0156330557840963,0.002576233210343987,0.0157329871950701,0.00811774718166607,0.0021196038203969095,0.005976566604548583,0.004519022304730678,0.05690121889627967,0.34921639487272016,0.24560127075513183,0.0175565665495086,0.017741019992945365
47,0.29500824912292256,0.0028596395088490213,0.0031044355629865675,0.00409305829574418,0.004004500064802775,0.019783517881603797,0.055070938374125196,0.06065042886041366,0.032382079973459967,0.0630709510421465,0.12176810700978262,0.0043643538492233805,0.0009643614677943897,0.002422652989513108,0.10556837899426275,0.06268971848091068,0.07833742495703368,0.002572540488233222,0.0036908270767156376,0.07759383599947635
48,0.29770344954261374,0.020704616324127477,0.008290053305797775,0.007344907773849507,0.0146049094530111,0.004695189750527538,0.00712141943947514,0.027341579914276718,0.0070822198431337345,0.03555418382192865,0.030370998329089433,0.011405505733003082,0.0021429325701472547,0.010221334937246293,0.005298072411533489,0.15165184338000418,0.2591468128772204,0.07624670943450435,0.0144470391604324,0.00862622199807768
49,0.019960047929890517,0.008398824195994763,0.002512309561433187,0.002405591902609232,0.0034672097946950396,0.006506795632445889,0.005905780302582449,0.0029369905502938175,0.02339919747949502,0.011940009218436777,0.025115254414651393,0.002040081397585492,0.0001517275503520267,0.0024931072121706695,0.037485065615749075,0.364393501496456,0.05554999166260023,0.4047849168207919,0.003374237360691103,0.017179359901075397
50,0.03785658450819888,0.016377563383058878,0.01693360444539758,0.013347412173673164,0.0795807603056071,0.01814765756439098,0.009157305666222857,0.019177361907600454,0.016091972855540752,0.014612650780060887,0.024200907808896572,0.011965395455422146,0.0026079989574175535,0.015208897057296928,0.004736735085663567,0.0043021669110616485,0.01640170348464579,0.6453390122934534,0.02186816222734227,0.012086147129048692
51,0.06728924845559081,0.012438915290996343,0.014046355546053015,0.017721871180645225,0.011240834618413126,0.020808416996733053,0.1527987306569403,0.014226379543178604,0.010789988802088606,0.015784371691491345,0.017989410512431546,0.016419789236072898,0.002855805532449277,0.010499902926946901,0.004713331296345553,0.3902145317600311,0.17288672379177533,0.015463015511137098,0.02014990955941874,0.011662467091261135
52,0.00479037481661686,0.010155745386343645,0.023611163352157318,0.00909718464497104,0.007310358685570995,0.3720925962344642,0.11506724826292039,0.014291468635926747,0.0043732506877466005,0.002275057970362161,0.012773545660323142,0.30405553454007006,0.0016582807579003682,0.019724704219777418,0.002745870311931594,0.02544557259373863,0.002138368629003602,0.005418989440064328,0.0290102880111773,0.03396439715893366
53,0.00489069309127206,0.05541333363957562,0.015026028138804548,0.009728511049641522,0.025911648619254636,0.0036753058841038824,0.009735401967565357,0.009647851681761372,0.006668260563910531,0.28624300334010133,0.4883032686565329,0.010681383644202735,0.003087529958337011,0.008500338187514759,0.004374840194320264,0.003953413576780994,0.01880224082251673,0.01633597247268461,0.008964651845450086,0.010056322665669078
54,0.7497048778949402,0.012148358654679232,0.0069641364781881125,0.013458056394077255,0.011085684921981715,0.01330293178503946,0.00812665169471995,0.009739075799963571,0.014941494644694651,0.0044230264336143086,0.02542685801193208,0.012523715375084564,0.009560825534120123,0.02008725332533822,0.004204025085084456,0.008161920399477593,0.02145018240804103,0.019745586015404513,0.019263029912813805,0.015682309230805064
55,0.07939732581157781,0.0109854394212106,0.01749655567091429,0.1506627803637634,0.004991094637303788,0.008688592822839293,0.03682622277426644,0.01614210113688037,0.042894137012657346,0.04754769540510232,0.04285784223799474,0.0038113913275551517,0.0105967230917981,0.0033507758145479164,0.0020029351893966784,0.07342775386454112,0.2929755565285651,0.13436447122553222,0.007135730238767667,0.013844875424785658
56,0.014723489421292778,0.003599179510966439,0.004460491178194453,0.020369806945279793,0.00337796980962355,0.001621168040487335,0.00333289666393111,0.7170853138850891,0.005301729016572397,0.002059675993233523,0.011969753307129728,0.013624487224655871,0.0013093035890044942,0.005044748623070343,0.0020419941106139157,0.0014020290213395035,0.0019691132627536545,0.17480823235107731,0.00781483053843883,0.00408378750724591
57,0.0100640561215667,0.008288915212161855,0.01582073418170481,0.015193374357669216,0.015357377036166756,0.045056214210093495,0.009628077487062401,0.010333188792474721,0.10670766234396904,0.005866059036550006,0.027385819288580842,0.010392846699270528,0.005904893034216582,0.010549356818309076,0.6441716591006373,0.00451671679907112,0.004980551777283692,0.00948970675781068,0.024871839792485962,0.015420951152915155
58,0.26294129856015425,0.0024392595894448463,0.04193207616374392,0.03276038207506056,0.00945747586308867,0.014947440032757029,0.01575506772147589,0.015602664024766103,0.003824586364092419,0.002294600348401419,0.008731616774731976,0.0295866501279291,0.0018049593634870472,0.10272198696338028,0.0073414545981951235,0.3209769062281442,0.09151747485325527,0.026103706587642973,0.007166742354668777,0.0020936514055802597
59,0.011480931938522761,0.02721089799983547,0.016899178020064805,0.01829792883128978,0.012898133558833172,0.007827263854459756,0.016431346506490183,0.013467579946770745,0.016584809702793454,0.007096991873679229,0.023552785195134138,0.015041931388654547,0.007506092572101711,0.017782208935112367,0.008265851976071732,0.01191324186145156,0.008699050886448555,0.009617513862658965,0.026673138301357705,0.7227531227882693
60,0.007585585165011491,0.6740910194401044,0.016762086836657097,0.011924905638199862,0.017895767454510197,0.009590978583600406,0.014504039289835768,0.014357781631506935,0.018242108805364875,0.006518020403744232,0.025213569372885557,0.016224496706579543,0.00762545395036619,0.010425040974225353,0.05615253828916316,0.008290791769732738,0.009755368948229929,0.008791199729645299,0.012286834641245588,0.05376241236939138
61,0.003357091065849356,0.02210689020101742,0.00608638031728614,0.006893966812032053,0.17896378208227812,0.0036794018983588566,0.01536451005182047,0.013453347337436387,0.008338857098325972,0.20877233379221297,0.04555060403133925,0.011720494044970026,0.0010514059571691066,0.007561257762512245,0.0032116816074885036,0.002681414699019504,0.1419222001381851,0.08419212699317559,0.01684695301416594,0.218245301095357
62,0.05242329889448425,0.07461037026476688,0.15619716652591054,0.29842178252448903,0.01517804576751872,0.017977911488474035,0.0322232648366361,0.044212029580811045,0.028064864019789536,0.003481638295903452,0.020857699080665273,0.013424621677729528,0.002097678795866118,0.032706715862873596,0.004227559878367298,0.07650755122693063,0.01889035843560231,0.0333598246069432,0.02022834213681012,0.054909276099428306
63,0.5224830071448496,0.02427311042018607,0.01730066579479574,0.01282044247578226,0.02375287571323295,0.020305585301818162,0.019004334859522447,0.02754509261799093,0.022930906571916137,0.011688528467374795,0.04022817719523169,0.01518626825764002,0.0032281537676816796,0.023529176703525348,0.009684640580014442,0.10135116982202408,0.017889677153429814,0.030747118858599275,0.035523102558498144,0.020527965735886455
64,0.010594684501074703,0.0053347291105293486,0.0022266874511025726,0.01718479143397189,0.09028663371603632,0.06282478667269409,0.21674155022345193,0.009405511377361715,0.0019672475738006174,0.01928610030717493,0.0040560798505706215,0.38255932823219985,0.0022247372975426178,0.06635556081134919,0.00431580865829241,0.026704861825121957,0.04545339144823624,0.0036031357583122562,0.012168030447904758,0.016706343303272
65,0.007298572558021031,0.006840464245582275,0.006366015958339419,0.005155007960053804,0.007759722369823838,0.002375515637686341,0.006068015979705708,0.21834217586634658,0.008914081260511552,0.36268644939841904,0.038277113422966184,0.0053865826168174495,0.003870515561031031,0.004860669960986802,0.002947378846357201,0.004273475263020379,0.019302540456872044,0.27459754266647585,0.009305297703726111,0.005372862267257353
66,0.038923132000441785,0.017458926264995473,0.006870801961131147,0.026401011137674756,0.026132003064101808,0.03949087244274737,0.04310031047957929,0.008764750197488192,0.2183110450277039,0.010448384109050187,0.0077879759528018495,0.03428770706290155,0.018672749293243463,0.005395257227016588,0.06703671773312188,0.17336139751058915,0.032217613872836934,0.005897827516178566,0.05658076975757501,0.1628607473888211
67,0.1510692852688143,0.007972442398596824,0.3032192236132405,0.08306579647474363,0.008062334059575878,0.01795504800552866,0.04057513662619344,0.00629128527031997,0.011364139057354394,0.018902294867272573,0.02888223945482789,0.10057317553809458,0.001059428466805285,0.006798321161710223,0.005869199988962538,0.11384503313435089,0.0021692064378426674,0.014644945869894522,0.05800841106156413,0.019673053244307178
68,0.05527749670309604,0.023450162577854407,0.006551446224750993,0.0033681429993384854,0.004262089243434624,0.0017025781990592248,0.004646278470519358,0.09841768807128456,0.002368395590179845,0.0074220968871054425,0.15041995930322713,0.0037909474962619554,0.0012618146294155522,0.01648849523028946,0.0054332202566599146,0.06932167381403583,0.21807733088685413,0.29661688490335325,0.026389387563998945,0.004733910949280807
69,0.053857383356608224,0.0335614682779134,0.0016892061572726924,0.004772510786863564,0.0037343367257016446,0.017721256401379653,0.002043061592765019,0.08659467814405448,0.003353886364950521,0.1285055850563357,0.007128585667712393,0.020935547027584753,0.0007656060306095963,0.3627480716199141,0.022606321986352103,0.009827422404256379,0.09900311913976081,0.11977133539342319,0.00849172461756253,0.01288889324897928
70,0.026120290737335825,0.011377344842240796,0.012872884019280656,0.010863750790451817,0.016479150294375473,0.007820674175746676,0.013058037288263397,0.021564239499638555,0.013071345691688548,0.029414677169762173,0.0161819809324987,0.021344950522947766,0.00985795858939901,0.026671506669381638,0.0035025704285481588,0.49244868287294846,0.2145792812184349,0.007021967607261652,0.0300253545334403,0.01572335211635557
71,0.0711212980704308,0.00578887318143647,0.24202584617114517,0.4731406090546252,0.00828883863909264,0.00595697505949103,0.007636728473897782,0.02241895809747117,0.00845187646823001,0.002623015024629098,0.02099655742006707,0.02243327979516199,0.001602515418805077,0.028155747132287575,0.007460727422282202,0.02634755663254156,0.011889001591727415,0.014134053467909214,0.015166314356340438,0.004361228522428086
72,0.0232541605710709,0.0292943524577142,0.015798081435755507,0.011995413924378135,0.014850199110002143,0.03694836940300416,0.014113260990569292,0.019042138928830478,0.01212285063057391,0.005430773154185577,0.01697458757942489,0.0468278300871012,0.006339868842854593,0.016301736161796646,0.00914763506754586,0.6499238204867179,0.034131251213322604,0.006373460315115567,0.018151458618484797,0.012978751021551696
73,0.011554253518179649,0.03532581310593229,0.011679564915681158,0.02258432626699152,0.020192974821847638,0.00959817779697776,0.016774998641750836,0.011287863785153852,0.3963317767411397,0.010721007316491372,0.029621407611813633,0.011626717664031961,0.004202033150442076,0.012789031700590056,0.30454158099665285,0.007811760797024239,0.01674618379680877,0.021813416365673566,0.022483042797689055,0.02231406820912807
74,0.010965096910581432,0.6313700250767929,0.027502023805845918,0.0233101113321532,0.011772272071421631,0.014184884427375291,0.011305829900840067,0.014332921149995804,0.023284706527265872,0.007043996280995799,0.02884189722359672,0.018208923939443157,0.004930405183588214,0.020396299811598642,0.02700923641044988,0.017068026049851318,0.007400220185690373,0.014907582548724199,0.04469590856239637,0.04146963260139329
75,0.008514082323661703,0.014767118079380276,0.022999506275479652,0.017345653613169355,0.01619690893027793,0.011035026321176117,0.008687581056719913,0.013355319655251734,0.01698497968722089,0.034442651809851496,0.03647294807362764,0.016012232427161197,0.6760515371927959,0.013361720974805195,0.005920150364620258,0.0322833579723439,0.01061239230747696,0.0104557821890377,0.021892333298238323,0.012608717447703895
76,0.045266765350623066,0.012693520782251309,0.018758054381224746,0.009605739422235877,0.0051526540031244916,0.005581656643358419,0.0037893067495029732,0.008068005790055505,0.003443540744303436,0.001989085590969633,0.012328370297743778,0.007133093158270432,0.0015056466772072556,0.013690274973370425,0.00269182687087954,0.6458537968497139,0.1746753485531784,0.005502002788719686,0.017381390215088346,0.004889920158178686
77,0.05552064138951318,0.009007822120974575,0.012044902719398965,0.1556584227384905,0.009710586129838715,0.0373389491287341,0.009435108220982117,0.008274092772122115,0.010891230830922187,0.005301825036481345,0.08517258138302221,0.11491819785498374,0.0009637624637787529,0.42686972235740106,0.008950582972690722,0.007117995297457944,0.0032896062848533332,0.007211253607337613,0.022162453441712214,0.010160263249304611
78,0.007146643482486214,0.020731247360991314,0.014870413341468401,0.014994765983727279,0.01455817119058089,0.7642600557062982,0.008930445164819443,0.010624964040384842,0.011837570886911657,0.004624244612503577,0.022346624022111246,0.00854774383916025,0.003758299089442986,0.009489921614412191,0.015247192856660274,0.017597938820577377,0.00580345559614593,0.013442808896433308,0.01607132538877955,0.015116168106104996
79,0.03993765847565944,0.018948350214615415,0.38012038192822467,0.18725495934771064,0.01590026925046866,0.026857280739527117,0.015953087938660328,0.04348416108894516,0.014403623839770318,0.005859291041772441,0.044228044093202905,0.026498834753183955,0.03578467950727737,0.017096079326113844,0.009084594002660356,0.006039548150873301,0.02793617816007586,0.018968652697592098,0.049766438787574134,0.01587788665609195
80,0.4415091288417276,0.033741252222983645,0.00839199024900735,0.023191607966402586,0.038170911094657665,0.0403556208833401,0.02543663288068121,0.041690003824545525,0.03769049483691222,0.012623850386595584,0.050315124783957756,0.03280312966462979,0.02491557241724378,0.030627782748319805,0.01282385243821227,0.0051790408082558,0.021466853696546544,0.04838687502192633,0.03151956061683246,0.03916071461722208
81,0.0014735481428384534,0.005141939590985144,0.006655506662465763,0.01806192470223211,0.00849992506238215,0.024613928267483102,0.22078307988826262,0.011170739620451729,0.03381972599255719,0.11079689567763551,0.010647423615052111,0.07340177537328366,0.0012375536211204192,0.006115021835978366,0.02520524224905792,0.05189924099414018,0.19995583185901933,0.08617314166670909,0.0053186998322091025,0.09902885534613606
82,0.003726015006637208,0.04775819789464695,0.02536942952632677,0.012831617983738641,0.032783259929448694,0.003740809325492603,0.01994053548717641,0.4441632255504592,0.012018994728475561,0.2723217319948526,0.011195006254494006,0.011107453922018541,0.002831719845864435,0.006031844627490101,0.003570270780162244,0.031422410666988955,0.023238618355597634,0.015019535005487564,0.013940578967279682,0.006988744147362239
83,0.08832879839923255,0.0036291484894134434,0.15624132411807307,0.09229484761950617,0.005685600887995573,0.09014047549812639,0.009363373169157384,0.08132598074808575,0.0069819398273077565,0.053257247727106063,0.011149331247653363,0.04297476786831161,0.12400189295608462,0.0145229948623073,0.008340813365648916,0.026910585112291892,0.04537528917503048,0.1106037007849326,0.006389770684631634,0.022482117459103425
84,0.0594243497732893,0.033231112371145684,0.008610182291522026,0.00532246256633712,0.010219300108827056,0.11396723262946902,0.201566047733749,0.020402113162967236,0.08768662919459694,0.012627550663285445,0.007409895022819438,0.0719535532594449,0.010718073724580536,0.19091315872858364,0.04461998376672408,0.02803304793425359,0.023924561210975307,0.04219905589794065,0.007012643671121072,0.020159046288367923
85,0.011934415129147077,0.0013071578553712254,0.002408570271940797,0.009434142884933532,0.0026145284801390224,0.041818389683963286,0.005816795055858525,0.0015359686612124773,0.0014322092963143858,0.05027045351993356,0.7159056155646731,0.03293496478474365,0.000158107556095669,0.03707565597281617,0.0030660196525176247,0.013337208340612753,0.005030448304026729,0.05772638345217973,0.004752788025269607,0.0014401775082511729
86,0.2690212569385092,0.0073020069402077266,0.007153183402602139,0.014899350983310194,0.0073879045819538235,0.028157493350559264,0.008166170525116706,0.03261065748663808,0.01388429652614712,0.12974669921940946,0.010440394568101237,0.007063851562307457,0.026102084803234192,0.17135689346437233,0.0023157969204329466,0.1627007635478355,0.04479314634580947,0.008184871920446748,0.011636802401055687,0.037076374511950734
87,0.015786857853665907,0.012809897552907219,0.4513198057081565,0.05139772589403859,0.012606756963465839,0.09362736033170099,0.028732772984745168,0.010610235458749664,0.01682092366061611,0.00549580980149965,0.032307495142343434,0.1263875320844687,0.0023030115943031477,0.022508375963709564,0.0053903526725943745,0.0649337673591609,0.007556493605394276,0.005203476142028702,0.022228589454433734,0.011972759772017583
88,0.0016501421084488457,0.002976688939105624,0.002963035702037942,0.11937540130854683,0.017632202650992673,0.0018811358651917465,0.0011940808784536524,0.0815091963349299,0.0684826640272231,0.0028808186429489704,0.010308514885861092,0.19758592514329418,0.049567238179093885,0.020858135906009413,0.046778970808866394,0.12167335237407938,0.03679477891105744,0.008555575370827179,0.006421570607623861,0.2009105713554079
89,0.4780029973280808,0.040147210460577475,0.02830671903285554,0.062469637200384065,0.005949124986102562,0.0035397699750507883,0.008251559125173528,0.003919866476058135,0.014744644020427597,0.1401652399659276,0.015245536191159403,0.032203388691896505,0.0013733338211508006,0.09228013147788092,0.019939754636445095,0.002517487224585524,0.005758641513409334,0.007971473258994399,0.02889059171197253,0.008322892901867378
90,0.01658693495232414,0.050136155663531815,0.03991632182457333,0.031142260439727162,0.018102046469228,0.021219181916150128,0.031073023043573813,0.01877836688255663,0.02800891453361225,0.021206255933605093,0.04403764609614623,0.04430491447787098,0.010948319556085738,0.016757237508015544,0.016286125933184053,0.020558004377230658,0.019749737433720924,0.02076389346204216,0.05551061840863004,0.4749140410881914
91,0.13454727825067747,0.07822230792384258,0.010825845382455972,0.013787615458824305,0.022064987324145663,0.006476933265684144,0.08524290426219207,0.0358616178747434,0.020254334193735738,0.12181413034522234,0.02326671685977702,0.022905072950499733,0.002653372434856431,0.008800093337584351,0.0027761841498088074,0.017160586207716728,0.0671756694888135,0.3021976704563466,0.013182022949463246,0.010784656883609935
92,0.009265124325462289,0.5727769346571444,0.01952518228813331,0.020962673416879667,0.022874400356600537,0.01625987187130155,0.01664210846675789,0.015703503841966504,0.024592038963075918,0.008670447178957198,0.03345482490545573,0.022743358789256478,0.00452116744882971,0.02823150392864622,0.01813613202649006,0.0324065232240021,0.009426817509416227,0.011765558514827825,0.06807752526674696,0.04396430302004948
93,0.09766624729408124,0.08799168592394582,0.014146619931792705,0.03968108610578041,0.04255220348629738,0.04800068811800992,0.06467847614331056,0.022602885293417887,0.2998725959790432,0.002283135410835309,0.019880633878539392,0.024902550014628187,0.0013828487912315693,0.06984055183020756,0.014573424856781281,0.01560850339989915,0.07551792488904016,0.007308321013725548,0.03889595451658806,0.012613663122844636
94,0.08558017347669605,0.014890935024087946,0.012819317499001389,0.13211496363989436,0.018315793119273106,0.07821135413211107,0.009812493731557617,0.007009757700373136,0.03463782230252478,0.07568259100230976,0.017884739860580652,0.0120954587265103,0.004630987424492573,0.0076860304989966495,0.17760018771940062,0.08893399216146468,0.06075241092734527,0.09132795289042692,0.04857716185180498,0.021435876311148166
95,0.06438354764574962,0.061530040798809776,0.015210635245044216,0.029151301135624995,0.017441942659155468,0.006249273089489409,0.0376208676828437,0.02332527536850691,0.0809602752504258,0.041953543795949975,0.06843089168077542,0.006646524039101669,0.0020747536005517524,0.07409933198280139,0.04719974088296017,0.13123681723022157,0.21679193124151722,0.03788377029258352,0.02077149452438831,0.017038041853499136
96,0.004556719087973303,0.008037245757680564,0.007049864098481862,0.010240136910494857,0.3190170423344077,0.005195365073030007,0.006075269572600872,0.022076712344628997,0.012113633496638519,0.3022717588747551,0.018271751665901923,0.024795632772964232,0.0033784091612626805,0.010390059504243156,0.004899465278069755,0.02018078699196879,0.00445786553004634,0.09703181232420585,0.06635440909390845,0.053606060126737
