site,A,C,D,E,F,G,H,I,K,L,M,N,P,Q,R,S,T,V,W,Y
1,0.0077167182701033885,0.011171168686807753,0.012760987282269907,0.011370992552216509,0.009518065138612797,0.009217164922252719,0.003259864058980039,0.22909746219240543,0.006856684633182098,0.005693807787970774,0.006688685098908337,0.007219971487974797,0.0011510773168869055,0.020231190267637884,0.001233750036418752,0.0017118081275497112,0.6027963705381112,0.02922588792329278,0.017281974686421047,0.0057963689919971655
2,0.00712699277815871,0.019990710905749,0.020416476830496317,0.012098208508368307,0.015056293815259093,0.07823233393413669,0.021601606236924007,0.013708403726130013,0.03832729687093057,0.00883913375284788,0.00580706389598612,0.027286169683064163,0.00629304292865541,0.020593210010634033,0.5874673308795313,0.014217924602433792,0.017601253408876315,0.014920186736092054,0.04702596034087203,0.023390400154854312
3,0.005398031584740602,0.7287687724014316,0.02343462301573997,0.01612058077125194,0.004257291744101033,0.013787825484831956,0.013402373784949097,0.015246147435776639,0.016271992058076442,0.004558275841840169,0.015493060748440712,0.0161316898503516,0.004541749303391677,0.013068282862346018,0.009923872418528688,0.014443254066022837,0.007684769400599636,0.006620767005113784,0.02077012648766383,0.05007651373480183
4,0.010875334946574576,0.018814137626157162,0.030219865301478053,0.025594373926485663,0.019847528878968772,0.009665364511318554,0.011121743101898455,0.5039926709374284,0.016968814805708617,0.03517452362184652,0.07017838151571361,0.06562139000418069,0.005048281302648404,0.01945817470513995,0.005680361667434199,0.019172740505809343,0.024483333678617287,0.06290224608935241,0.031273007669297984,0.013907725203941356
5,0.011262314105044842,0.01452323203568779,0.01607249562619289,0.022395327105479867,0.008248445016652218,0.7704789791406703,0.008256682987959925,0.006227548083059904,0.008082227677407542,0.003589266459361047,0.04630822986824726,0.009134030049167631,0.004184888988161934,0.012837521308302761,0.010008312922178629,0.009187260175215048,0.004362811386203149,0.007547034041225896,0.017081715976205482,0.010211677047575867
6,0.007224063898980449,0.006109510020345917,0.01051496484191564,0.011867640262552055,0.011832903153012728,0.0026291410952776427,0.0038182968510319824,0.6526596391969227,0.004713792649368898,0.002977413671180609,0.011792425883321226,0.005861875236275571,0.0007919752803267144,0.00542529133651535,0.0010934775273003334,0.0015307878700389966,0.002180436536222697,0.23892865305096211,0.012450026092328278,0.005597685546120053
7,0.27077845003269857,0.004336627787248844,0.0031896390281619226,0.006605174259143376,0.0024974839889948855,0.054562129315455135,0.0009840179606735626,0.0016477929026524158,0.0017788800095925588,0.004610636634112501,0.11147736019103249,0.09537536539192525,0.059200729994791444,0.23711846931771938,0.0004424650199251446,0.07559635525566676,0.06324846776623066,0.0015990438863282069,0.0027177992413153418,0.002233112016331587
8,0.013806356377539636,0.012232858904304601,0.025778500653135545,0.030761603754045467,0.013635003076242694,0.008927011889933905,0.007757672287422545,0.0067569139174187415,0.017489412828598845,0.004455142307769044,0.02639954969643099,0.7448883671489915,0.0038801588030005496,0.011588934414251033,0.003819687337708881,0.01135638195425632,0.011504373426376533,0.007402275231985738,0.028150496254748556,0.009409299735838693
9,0.019047045048737273,0.025706101049907424,0.02609591187547008,0.01657154562325369,0.013079135891941547,0.04946961969979485,0.013032429196433134,0.007048151325512589,0.046609718367515394,0.0047527853688440974,0.03292737097295372,0.01577347589919098,0.005938134558719055,0.012977575032234021,0.6142234645124405,0.011518081306110855,0.01325028383783267,0.014561618861592006,0.040735246067397146,0.01668230550411895
10,0.006507636714717359,0.008753010305019534,0.8395024787668779,0.01076589178869445,0.006683577673821998,0.022003078615060248,0.011471791115285825,0.006321612959133773,0.007467397553224803,0.002914467910626672,0.01735241237212865,0.01284619651928577,0.0018218782322252387,0.008242035051126402,0.0021182657534671444,0.002355552673343201,0.006555694644142909,0.0035100223883234504,0.018301544031341307,0.004505454932153297
11,0.007849393110885547,0.0203677756392335,0.012150316072031049,0.01349420401730293,0.7163331147177784,0.00782623983312669,0.015137134390911773,0.013648788148825764,0.020502917334963327,0.007487647955968781,0.040236308337730425,0.014322662065154743,0.003946556152090083,0.016375323307994807,0.0047988423663924825,0.026831752293697247,0.007448923640396842,0.007004042545638657,0.01735801095276686,0.026880047117110114
12,0.029410445472436226,0.01748526793261014,0.01652561895048685,0.0385813758884858,0.011231007361284663,0.007059283670389256,0.011281856246742071,0.032878475764305366,0.012716511558535615,0.005967006223700776,0.020188638070215842,0.014516599085223361,0.004453733156629393,0.012152078656906647,0.004017786193756578,0.010600246220512715,0.005681042790624495,0.6985889392464549,0.025131175280273574,0.021532912230425708
13,0.005295708772257947,0.013897134520834116,0.0012014402180594282,0.6935126091107422,0.021534683484515628,0.053501916730632385,0.011600154235379167,0.013852595381368604,0.019508100201739074,0.005711792944054309,0.027308457177608682,0.015223065606217745,0.0034154081614793034,0.027051404127612522,0.0038058616719555934,0.0058942550320257425,0.007753392432000229,0.03619947975732315,0.01775688058320922,0.015975659850985056
14,0.016186488801915977,0.006684915292484101,0.03949893530827734,0.01537694017319541,0.019203585302116535,0.687764161270941,0.010092833411388499,0.01775306419885821,0.028218348711332875,0.005749617281248979,0.030865801614675337,0.02709806841385356,0.003868482690205701,0.020313758592915707,0.004199747909650831,0.013148083617767392,0.010485384803844124,0.008701035695181695,0.02339413299691662,0.011396613913230153
15,0.007697416401891249,0.012113812379868137,0.013237549278774054,0.009705259763731915,0.013050515667028346,0.00522187648428924,0.007686495612548315,0.019365459712748185,0.013658403432055462,0.005473882597717939,0.5268256173652894,0.018145542687949486,0.0033147550147225252,0.00983573993093161,0.0064415301677636,0.004928177081728218,0.15718296582535823,0.04530578786505808,0.1082438372787321,0.012565375451813927
16,0.01602323712783618,0.013991960056995503,0.010315400726915235,0.007201134789346527,0.010923484429121577,0.005852098324727865,0.008317049867771209,0.007096333528186071,0.009248969503670157,0.03713025305754575,0.020445473506658852,0.011751076534178864,0.006770353840455962,0.008289017182319572,0.025046670968042965,0.7251153483880062,0.04183204301752945,0.006221704096774248,0.014903306752066985,0.013525084301850938
17,0.011880088373143582,0.004030096251489448,0.026356069373150808,0.00922238838024479,0.01131498727860934,0.7736572780428259,0.009931059009298493,0.008496619300892516,0.01497232867463693,0.004188480922464231,0.030740486021172582,0.009692470584746878,0.0035562993093583785,0.011267211340752804,0.006749129201068037,0.007795499899255445,0.0050344014815413745,0.02293466330673854,0.01833285371530038,0.009847589533309418
18,0.5446668946589251,0.005935065754934898,0.005494653785770967,0.03348104621447868,0.007555230739362594,0.33240945896935126,0.00633818842042161,0.004442994742028042,0.007633876060920819,0.00274488993438351,0.015018180307080173,0.00483632447587385,0.002509861164239931,0.006018884158765453,0.007653349441799034,0.002346670562973895,0.0030606053865105216,0.0012728974709113735,0.0006686598358004211,0.005912267915467797
19,0.03366119678108512,0.01268684933796196,0.015256443800575132,0.018984529653966548,0.01798252288152591,0.007516723121477815,0.010377084309593767,0.06985807604716644,0.014575951604304999,0.004790214990022062,0.02145459863804393,0.007941513508318534,0.0029061860199512367,0.011192130928244932,0.008997042533774,0.00589292070841345,0.6937198596612405,0.007441989913970707,0.019820679964247096,0.014943485596115977
20,0.00711891244378289,0.005378553641858072,0.010855012213295306,0.008837300099633462,0.011099010104748366,0.01360542290668457,0.011292103026000503,0.009286226771081181,0.01057195662304815,0.0008676981088837268,0.019195719799816522,0.011107475417247742,0.004318566909172722,0.010624773297603411,0.034547076465955506,0.009802369843373368,0.009387326228041564,0.0074301460991835,0.7935652572135198,0.011109092787069692
21,0.009315290376846289,0.03776139022651018,0.010581334061068778,0.009707515249002242,0.015187496591675433,0.0036529567739812608,0.005848060100695382,0.20609273638191866,0.011949811161028074,0.22377108815621535,0.02636620339844416,0.01101197780736671,0.0014350456176727806,0.009027220866719612,0.0019418680919665824,0.0032438359443990664,0.0029378679422088073,0.3850098019365092,0.014855920915174872,0.010302578400596537
22,0.005949824930371475,0.011236189962935048,0.7411516588181303,0.022928498191015115,0.013174569718802999,0.014580416346174706,0.019844217742405194,0.005446974167503454,0.014672498006437482,0.004039634967261693,0.029567441215996467,0.02891672387104361,0.007988879799652333,0.014101017311594844,0.005629037020600048,0.008321112770584933,0.006775768961890914,0.00617053388740411,0.01910221350075825,0.020402788809437078
23,0.024044932737728245,0.006928691160539887,0.013370125106874136,0.006302545755413461,0.01890265693532738,0.005787201658518205,0.010418723649646265,0.41501935834196746,0.012388984238475665,0.0036299099114475964,0.011860765374605516,0.008324561352064344,0.002974066221824813,0.01355579658558992,0.00393257426130014,0.002594898125140933,0.00568864231681669,0.41263516378103543,0.015231173591936181,0.006409228893747786
24,0.020667240538351325,0.022887180963303846,0.026190647191850377,0.01818665346191552,0.01806131909967866,0.0057673547395717005,0.017904137881676545,0.041918526556665135,0.01687427876500966,0.033433257175869514,0.024182461670886748,0.015345223577398617,0.007229035171058809,0.01766131727609235,0.009957548492333695,0.006881531143024693,0.010676778606763544,0.6246516418913219,0.038024583735825346,0.023499282061402078
25,0.006786068848098814,0.013955311066105022,0.01779127613170193,0.014655246618677242,0.004140724500660093,0.00848922513168902,0.014014576884646772,0.01697254780578706,0.0174763003098728,0.7058090095689017,0.021432068234415673,0.01787392695595379,0.003063986741143457,0.016283803005343326,0.0057500094317975,0.01620989347781813,0.00781449614491674,0.03670273965798832,0.038608079364344405,0.016170710120138185
26,0.0071228543771272345,0.016428286726704776,0.01575503979925238,0.710762289507506,0.013476937063693541,0.030767080880311774,0.009150148785280041,0.010763933613074213,0.039631626980647885,0.005443083415695912,0.02172848487619288,0.012508601107548494,0.002054277573715213,0.03817218641582265,0.006748013285968483,0.005214080601139926,0.004733447203665975,0.01102536437657073,0.024910195209153933,0.013604068200928148
27,0.09879319284946454,0.006771109833629148,0.008397356316004292,0.006110947344367003,0.011473594752932189,0.005236530242648943,0.13336402444977183,0.01714841814696803,0.004724740102624432,0.008258126714800938,0.012747531322253477,0.015713749663920574,0.009456839088598658,0.005683945907011992,0.005997153626333937,0.0769165054896879,0.12045963479305406,0.40997604202590576,0.01502595445868385,0.027744602871338446
28,0.11625744757102595,0.008930740442555766,0.016544517541266315,0.015858804875400784,0.01473575924795791,0.5937462744023836,0.018556749537138966,0.006142817330245851,0.010382383347398086,0.00364584134822329,0.01789773652230851,0.007687485318535753,0.007880491828766304,0.011526628661011574,0.013081292653572408,0.03564193685220918,0.05650272039457606,0.018023499763030533,0.019046106508913602,0.007910765853479535
29,0.03735311781424146,0.00022523823466631644,0.0005581305989423888,0.0005127999452318612,0.0010014551068657969,0.0183759164674516,0.0003614905512435469,0.0010030647723409984,0.0007120938275298068,0.032960700663334,0.02189233545381495,0.0012065045049629744,0.00012662785754085832,0.0004808982404092972,0.00012868697275173518,0.24041071535810798,0.5460335607890101,0.0038601403608233744,0.060347381383783955,0.03244914109694706
30,0.006429998471637498,0.7376638777339823,0.013149104969911474,0.014286628637144378,0.008324162765820963,0.014049436767847786,0.017314551212306812,0.01177697946691292,0.012687170202275028,0.005557491711600342,0.028278213858949967,0.0184994776175863,0.0052599503193409385,0.017099210042802734,0.016979475969162543,0.024003997291456268,0.007828491531322845,0.008596695846471668,0.012258716556958512,0.019956369026508592
31,0.02640880761045691,0.00938795858729348,0.008687165791834676,0.0068703103348799486,0.012529058155399817,0.003327027304369945,0.009616704505156531,0.029552306565782754,0.01158221160132074,0.015149893270044722,0.019967884301321487,0.007352183256011138,0.002870591153206247,0.0078061387524982605,0.0028668331483528214,0.08230385891073834,0.1734909325620707,0.550603987076857,0.013166171305467383,0.006459975806937048
32,0.039941105672827014,0.007095644624935679,0.010720891621647579,0.010106043542765508,0.00806021942273295,0.0061977909587987694,0.007033451789575943,0.00948930926884257,0.01241479150311106,0.0030787356864417285,0.016793520149893895,0.006057966665624906,0.004765977569752998,0.010896171287825303,0.003805719966475332,0.022774323523315026,0.7937230239498291,0.0052448320551096725,0.013922232877106418,0.00787824786338857
33,0.01649249376515392,0.018646213008733568,0.00934811073315188,0.011624464271468708,0.010952655137961488,0.011235394677322746,0.014011371498019355,0.008742514453516577,0.008657664526156492,0.234666765318424,0.03986225047229575,0.023690694698548356,0.005305360628224306,0.008754322580447477,0.0053190977975773055,0.005507808338828769,0.0085937753158711,0.5213176834368851,0.021104476392082204,0.016166882949330927
34,0.009207562902553123,0.015368031405003228,0.02877924532019441,0.015969030653605477,0.012245511291558953,0.008508946213366102,0.018941546384592663,0.01743271131037878,0.014898827360874826,0.015722819462442375,0.6612971840865264,0.026677922202056215,0.011134843299357421,0.01897531570392943,0.02540445936705467,0.028376191849873635,0.0195773180375772,0.015658336392094057,0.01925364314853104,0.016570553608430006
35,0.25522341370143964,0.03935096696708457,0.009370172086463732,0.0006986774901717079,0.010470165715437303,0.5455615608237887,0.006299445934570453,0.010714350615221174,0.010298195495469281,0.0035683308514468984,0.01512252208153576,0.009755485683947136,0.011690651643463135,0.006892927857662337,0.0027233679570272096,0.00753981000624627,0.018186597936299048,0.0056282828960499765,0.022985550547515582,0.007919523709160176
36,0.006703203875554224,0.014239771961529403,0.017075494155564492,0.12326356920697468,0.027618768644002978,0.004651720329723579,0.010102608693286101,0.2069768653946121,0.0283401605102244,0.0075665027301768,0.030686862329033705,0.016301177608999212,0.04148696321330992,0.14980142386931847,0.13303898902696998,0.015275656845534339,0.0948058618530711,0.006411137793687631,0.03949364690361968,0.026159615054807222
37,0.13022113471566196,0.004465485092254468,0.09389992980054368,0.01847390247140135,0.00456436823760189,0.13502160736479007,0.0034227292254013085,0.0032904109033734586,0.005449484589620013,0.06314612616972169,0.28282278325760396,0.011213664633502124,0.0012561934624714414,0.004115636133679985,0.19838411179020296,0.006824305206405829,0.002346799573533107,0.0014621128595484689,0.002891766738187272,0.02672744777449492
38,0.007330196264575979,0.02182433750237474,0.019883175064951256,0.02525587820773527,0.01839963763528414,0.007210944413064884,0.009905615582155176,0.015562753100236552,0.671459723775009,0.005446178169585515,0.0382302730877299,0.0038951111844313297,0.0037797147095445355,0.010691815412824796,0.07212651076048501,0.004858244399894391,0.018609211025362855,0.015574326336084871,0.016295446388051027,0.013660906980618713
39,0.006344326281381187,0.027845956723064582,0.014692854236319977,0.020544856214572135,0.01919313107074979,0.012264601404392922,0.0077903901464981854,0.015428855708108319,0.024691107394899863,0.014937186756714266,0.024224199849165046,0.028782982653238275,0.6650028868699801,0.0017718389803300465,0.00433660502613061,0.038292807461352454,0.002119292222557818,0.017146536313574365,0.02759125259315743,0.02699833209381257
40,0.05146628905579442,0.02562464903504956,0.013477194419185132,0.013504107252755514,0.015131833059799562,0.00945011631726083,0.009651019509733832,0.016115144230684796,0.01472100416421793,0.005938993927712765,0.0315441710252013,0.014910573350342304,0.004291909620793702,0.019676271555397484,0.016857729325198297,0.02024426266631714,0.6596650162845193,0.009466428307526526,0.034862585662108724,0.013400701230400812
41,0.007570373580871379,0.004019464769815547,0.01556235852180243,0.004654181107559902,0.5755658737475652,0.0016573015804147136,0.0055753315526780685,0.012254569444420807,0.004494415065181774,0.014859347869731511,0.07373932937723933,0.0045122205304549655,0.0016354532585399547,0.005976911193301397,0.0021833298134326788,0.004550968372586003,0.002689815392393384,0.2474429125039872,0.005389848879717277,0.0056659934383063975
42,0.005792244363578542,0.012624578078570444,0.7504149060489791,0.02000836934622065,0.01742197715990302,0.015517972497916779,0.00831441229657326,0.01176876092392658,0.01794551522914361,0.004574034354122259,0.02855368231437278,0.031435955304945314,0.004183715820183171,0.01099654568096664,0.004268879015166051,0.005023165236607714,0.006628287989536943,0.006909886276462103,0.026658853104156117,0.010958258958668966
43,0.001482778265660596,0.00217369838739172,0.003953543734853177,0.004665560036542705,0.013539959607650599,0.0014160900657674163,0.020926924909927373,0.07235830593341087,0.0045006839182880586,0.5999449718659574,0.2366915725390657,0.006791965882686928,0.001144037639015879,0.0060620719797427015,0.0010493784644384962,0.0011552414256703512,0.00769638749524769,0.0052691036162998885,0.006299508531142222,0.0028782157012403214
44,0.01071377821584065,0.014114783766938964,0.022473639054381354,0.7129382581878463,0.011096409652812701,0.014790313646176693,0.00742177019672148,0.007587799377688217,0.04321476084375871,0.013558703020830055,0.03939446583293943,0.011131982214887197,0.004867927474359353,0.014312499384563375,0.005221165712773617,0.0049882983489043025,0.005276144860649579,0.015057610056223024,0.030456315577000872,0.011383374574704128
45,0.009403739064740338,0.019738277393752574,0.026065884030607934,0.012253024296142431,0.0027924039609290704,0.008735257059741352,0.016806567993492918,0.014933538969483302,0.013940544001980748,0.6003501280303937,0.06916716732262754,0.03139447780852025,0.006846499122654481,0.012805358024386879,0.004572619542611406,0.03096347473785225,0.011975656273680503,0.013397868732806462,0.0698055282143973,0.02405198541919848
46,0.08194066882835198,0.015618427281510886,0.020587499904249844,0.07959991410654993,0.018598612185927822,0.07824989313675906,0.008423976880341947,0.04014944313114996,0.015996674876589678,0.009195331533465554,0.02468437374245865,0.014136845217886235,0.003320431189136572,0.018961881215871678,0.004744114806878421,0.02351481510157985,0.006805431490405711,0.4925782242383363,0.026060339514705162,0.016833101617844733
47,0.4950142418890963,0.0007703888229154906,0.0015569332203493943,0.00131995535569286,0.0008812675918867958,0.0025690513250222827,0.08469433365022065,0.0006429490537460593,0.0024526475715797515,0.043972668686671705,0.30099969860416564,0.0026932567291775974,0.00017856992814807668,0.017550257306054404,0.009929055920434872,0.0009737994108746338,0.02940521108743692,0.001431318180267339,0.0015298187228689824,0.001434576943390144
48,0.035945567107000045,0.017627152113462937,0.01548763578988243,0.00865536317734066,0.02025508224188967,0.008106571277517165,0.008958303544618528,0.010983705979979871,0.012148516170760912,0.009569124365694223,0.07997114056884057,0.016577185679896318,0.009281081915887428,0.009153004218796158,0.008121369878163042,0.056936236575506644,0.4376680747582584,0.19100959104060325,0.019558494400560483,0.023986799195341177
49,0.007251823317021515,0.010388213089842632,0.002571670074167956,0.003890764683103294,0.0023439477408526825,0.0018050979665255164,0.007353890485441566,0.2913762959425525,0.005954666865628848,0.007272443530279999,0.007560058554792096,0.002648037184772705,0.00012797881173012542,0.0023206247323893404,0.4611505435402108,0.07800103816309666,0.04723659495952357,0.001135829381082681,0.01443477129104482,0.04517570968594068
50,0.05861585529523908,0.014942169216290066,0.016885912756325925,0.009002244104091617,0.09016102754497492,0.006727660639597374,0.009449418500646173,0.017064105348383513,0.01510186975342329,0.03437138176963054,0.02900243058085454,0.01340325174842345,0.0021031964229500343,0.009594477814933746,0.005219790732613722,0.0039002069966751164,0.0058204433851814135,0.6331643475406128,0.0167999884101026,0.008670221439050078
51,0.0071397649477133755,0.032000631836828254,0.018042381193884235,0.020928316580559027,0.010246580229189447,0.029179790003961006,0.008440045181396526,0.008568150478579091,0.0145993472168376,0.017905247264785044,0.026083839005281207,0.015158882342269154,0.0030767535034335095,0.02191587313768806,0.023202875518665463,0.508442987049847,0.1954828707299199,0.008112567624507962,0.023358662707683067,0.008114433446971055
52,0.007429181884048617,0.012587742275532398,0.029305234657608054,0.010828553729375216,0.007740015465128853,0.08694780308500451,0.03022329661153777,0.01314244745189975,0.009959052609452372,0.0032153394002332803,0.01937537878634694,0.5331445706261597,0.0026312273493591734,0.05607032053467783,0.005411547414971771,0.04428446967583542,0.005084489654038806,0.006582970722416647,0.03526881863595395,0.08076753943041891
53,0.003783983181966264,0.012300254222590321,0.007490324916915525,0.006577757393817711,0.00759794108852315,0.002784351982175446,0.00904298169182566,0.004073111578352695,0.008428954307287725,0.6001321842856883,0.2733399654320004,0.007297769271996777,0.002160474632524494,0.005918944931159497,0.005684021120667261,0.0022055742425698627,0.015275191623277437,0.009701015546070916,0.006515460598392426,0.00968973795219817
54,0.7402402459419675,0.011905554508478215,0.0016999590793269877,0.016927905946852007,0.012798966969149695,0.011400525481790246,0.01401125379658111,0.008437692918675573,0.011741091536736494,0.004600311533612151,0.021433306241906425,0.01251733697659273,0.007608934445084499,0.02008728874999002,0.004845368765938083,0.00172597770132766,0.031017730795261933,0.03366803370720737,0.025420291109456834,0.007912223794064442
55,0.038841207718814025,0.15464412978884123,0.006300221072187025,0.1807667765453513,0.0071226475057777445,0.0078003454488949145,0.004750405471866118,0.003996155726254377,0.01691331499234854,0.07322180251704472,0.011479005013594144,0.01048577251715749,0.006234498321763704,0.00862057738793693,0.02034683520111535,0.028119000626036235,0.3727583659445896,0.005658200797662244,0.007974712284307385,0.03396602511845692
56,0.047298325051047065,0.00978296765376391,0.017763402159896947,0.036256447743177066,0.012841786073181373,0.006276465214141714,0.012403615697268592,0.03352657921231944,0.012894362136254037,0.003737599041300505,0.02096312825742715,0.017578643142346344,0.0038055103104162823,0.010973528332559658,0.005545213963164643,0.004681513445314071,0.016712150647731627,0.6987493388296911,0.018842070405825386,0.009367352683172991
57,0.07827474468937849,0.019699152395692282,0.01775110496165572,0.017987385969783384,0.010848056986127702,0.061226149184728205,0.010414501171406323,0.02183673863723832,0.02999669009063893,0.004197230527841418,0.022450422414595033,0.014842609138741627,0.003979112558135605,0.00963484222232139,0.6200348478105384,0.006928862377029833,0.005096890963208848,0.00849224031674825,0.022629805316043132,0.013678612268147122
58,0.013262781971748728,0.01355294287299947,0.02352638090542077,0.02830860222964949,0.014059966711221056,0.02444081461471389,0.1956686053867289,0.009244182960963068,0.005921585771114672,0.003274914772727622,0.008420756212760314,0.16306266937691427,0.004948844769839194,0.0047686397200974225,0.0015649190979980098,0.3958547167353679,0.05078730057603038,0.02300759213928463,0.008760580472259779,0.007563202702160409
59,0.006988381933045898,0.01491658111381766,0.016152554685615186,0.01104470117520279,0.3725084474895526,0.0058504237122751455,0.022381732201252277,0.010366675281330505,0.010312177461977302,0.004175587426185457,0.020485204690560862,0.03107473039109595,0.003092606029996582,0.009358781835562562,0.005258811707568537,0.004642184965702773,0.005807481164306895,0.005135047970717679,0.017300704353499168,0.4231471844107342
60,0.006261651279058491,0.7352957175271734,0.015471666933264579,0.014104501932337886,0.006626280546971779,0.013411071780598237,0.012709632849666204,0.015334131479492913,0.01842363203768905,0.006828938805812597,0.025685327043980324,0.019256287142984597,0.005543854740477918,0.015677896168180185,0.02179248366230983,0.008143938079805227,0.011263497822290332,0.007726081312272791,0.01705309331737725,0.023390315538256375
61,0.006474685840696353,0.05107917392641964,0.019611352045339696,0.01974797257455141,0.013535476848234165,0.00910554795688733,0.030983926278299673,0.037061266806740045,0.021753853290935654,0.027150032620013514,0.03702453200975215,0.037279991025689733,0.002147995018236268,0.023679317667270577,0.008915515049288635,0.006033513424651446,0.050102817144065386,0.010377632658313913,0.02489521713278406,0.5630401806818304
62,0.056406848566798486,0.05429562379134543,0.10188136907578511,0.3252396765522929,0.13657878989381375,0.020768382506519977,0.01127037815859521,0.009839451494707122,0.047075950373581886,0.0049066029592361605,0.045790320982809975,0.012422254288843934,0.0020065861054193966,0.007794479565479418,0.007772619763074974,0.10618879708322877,0.006074066434200746,0.01276522009343929,0.015283226331903575,0.015639355978923884
63,0.5384981015662368,0.02593326623116368,0.02434798565331693,0.0036004938912017315,0.030549577970968664,0.08272008561342375,0.014432748770721312,0.0215605460798333,0.017831838621497512,0.014796508174556145,0.043503053384398395,0.024099802850925067,0.0031421886519075576,0.017259155025140988,0.008939977935506707,0.007551453763718323,0.01274977574647586,0.05320510970491931,0.032748264556355225,0.022530065807732716
64,0.004166002943437387,0.0032560219675130467,0.0037073717418165736,0.003787566439510872,0.0018511348912436752,0.0019687328892056153,0.06784429464334198,0.004550157462783407,0.07529660718575158,0.06964818426845328,0.005979201379429671,0.002437139647400445,0.002296368090458169,0.003242664061400331,0.6331775102635651,0.054917774163156685,0.004000859504097217,0.019067876960628716,0.004754574091989361,0.034049957404816936
65,0.017691206193565918,0.011881639182174317,0.012505640648206088,0.013468873947839393,0.009003605726605354,0.007032496720574959,0.016150426715061856,0.4979756745509657,0.0268022414542499,0.0480593722986808,0.05945254580123559,0.012160870974222575,0.009561590371008588,0.012348072362486796,0.00479012928685619,0.007648709972892985,0.032262798014423666,0.17675201159312778,0.016992962474242982,0.007459131711578606
66,0.4742438506353612,0.003844286576818371,0.0043514867581083624,0.007680425551753834,0.010577746191939795,0.0020572554093228135,0.001941678830339243,0.00909211771224397,0.0023159206256729674,0.012151664992835324,0.004476317615270665,0.0063617627238939855,0.005797324325320203,0.0017638632490982577,0.0006130019955272021,0.10128243862299076,0.006774777510714289,0.3380903161271818,0.004626316249151337,0.0019574482964555763
67,0.06624966417721742,0.007091033287339322,0.3289946875760265,0.26046513993321757,0.008915661838280969,0.04458708381399674,0.055674226115850364,0.009428943141246362,0.014364587446307251,0.0177841191895534,0.03093816751420246,0.06297353837717988,0.0012484144143119686,0.009543811799142137,0.009537365924284356,0.004282510820564809,0.003078326476181509,0.03763134139625216,0.020843889222734748,0.006367487536110049
68,0.00424980967123183,0.021441821079643274,0.010482773700750708,0.010197365996630141,0.013142384004739006,0.004137597955552864,0.0051849153424813246,0.1916673992401732,0.013579682354117205,0.089517104551168,0.3032153788969892,0.01138944981794584,0.0022082089686069396,0.006387315309662446,0.011448108079284864,0.0730577254802162,0.1640069733144599,0.02498256382061691,0.030954955903911372,0.00874846651181886
69,0.12326573940000866,0.31859093701192814,0.0007353146956960867,0.005269997509592303,0.007341687648078107,0.02811743298308117,0.06288952194187931,0.007057439288020512,0.004865872935615014,0.04402487989644805,0.018146307725618753,0.004881064239640396,0.0011096868647044557,0.004489408811467204,0.005642656560664385,0.02602417934652171,0.010571245267412923,0.2937189681078045,0.02250509528017737,0.010752564485640893
70,0.009295937993123695,0.012357364997933853,0.026925112711189785,0.011138114114592677,0.015152645468175435,0.007504157324217253,0.014290360890159639,0.034654936220095904,0.011966189425387635,0.012528341763250449,0.02656014985168036,0.03049836916895343,0.017248285748446092,0.009049479787724335,0.004700137935071879,0.4914128716250755,0.021672418881143213,0.21654152478065444,0.014378289522021461,0.012125311791102968
71,0.007024438292979228,0.012777180796652113,0.4877850791817885,0.06132940038091398,0.011391209376556554,0.022925168413202385,0.05543024998945551,0.011408854026637182,0.02450460031241921,0.14416713821593677,0.03579737502271962,0.026751833843000065,0.0035379105221273214,0.01873285191248059,0.005581502477107713,0.004833927946857013,0.00853953605645535,0.029897955856999992,0.02554792225915179,0.002035865116559147
72,0.25324532435260994,0.009236992781414065,0.01066108716030815,0.011257495043498891,0.010162826765761876,0.09022954256220678,0.010369473814343503,0.006336972508686992,0.010511079838210726,0.004242350224226133,0.011897863495454717,0.04153609789953379,0.003949255244771831,0.02189637406477926,0.005851636152358277,0.4548924359764387,0.012816429934420507,0.005516635158864305,0.01303119929506453,0.012358927727047001
73,0.01823851424260437,0.0335373188994722,0.02971699017009677,0.026779228557337477,0.023909659281012182,0.014907083334545731,0.08845274257121566,0.01862584460249364,0.056834893919325474,0.0092146691309307,0.04101827726927033,0.017605493746669636,0.010015867744524731,0.016035537551351585,0.5117342701530196,0.0038283894688449197,0.011218400492180404,0.013034486270946917,0.03694617521670011,0.01834615737745754
74,0.012400025145273481,0.6518882498337932,0.027304191168574653,0.016251527079010623,0.003753952802146904,0.025658609122697244,0.01762120918954287,0.019050229526109644,0.02648915138828498,0.00724149798021365,0.02813724377709555,0.018896460748844317,0.004407984363695388,0.018001204627465114,0.02087291611176615,0.02055245973966637,0.008296561215195319,0.015338116473918754,0.02538066183492756,0.03245774787177822
75,0.008600849836602744,0.01638892182269654,0.023181476695543303,0.016750958247748995,0.02361745194203683,0.012265765602014159,0.008439808088253065,0.012517994939788507,0.02078146596633982,0.03972231965152234,0.035564585620481426,0.022856471666011385,0.6659885070998042,0.0012321060860321785,0.005435310814841394,0.03650985977293111,0.0021696784054521744,0.008712608118784671,0.02124624722730822,0.018017612395806917
76,0.44178654051321226,0.013494277774729212,0.01827731730474362,0.018299810514265307,0.010812306770820257,0.02533561890541636,0.007721081255232348,0.0071250974663174685,0.005228777295089162,0.0036232951819322934,0.014616604990003338,0.005157470283687572,0.006629736682075624,0.010245693866235377,0.014432855751643218,0.03517954538400819,0.3125569734212599,0.009289799230969594,0.03183076001899915,0.008356437389359829
77,0.012330943692899846,0.01592792897663433,0.015100010384035335,0.03276161706091298,0.017331883150780384,0.025966176487478777,0.01192779330273794,0.012907777291585822,0.017054507209765056,0.005216809373857244,0.043535398846371184,0.01253647855917186,0.002713151346246582,0.6651539829998597,0.010751088934875528,0.04314768701969865,0.0049688966952296555,0.010570257507580708,0.02400376148113277,0.016093849679145556
78,0.005647996637192037,0.004784265209892303,0.01297302812227054,0.010938452630266365,0.012651044838195308,0.7999903667719445,0.006450627262396877,0.008165895801267413,0.012802685240191108,0.004473802160860487,0.019646390977878667,0.011970473676620472,0.003480959408974391,0.010836184733466368,0.008735541978380036,0.023786099601007332,0.004892122717319197,0.007526383439364494,0.016165267982225503,0.014082410810286649
79,0.026105264648774176,0.02831648834388358,0.09715576795979647,0.35161582905330613,0.02621052489596571,0.015270343127279878,0.023479703208237366,0.041100081552697176,0.016684112182479744,0.008916732520923589,0.03875943635374292,0.03932740117214345,0.0419816109350244,0.0439957527477473,0.022629738702382916,0.0584861469397134,0.022898260588520018,0.029597467569234606,0.051365696842215286,0.01610364065593182
80,0.3142980010083974,0.01472151698837361,0.001649169843742287,0.021453801818334457,0.03545934857664944,0.08330215373051883,0.02112322514357561,0.027323409101742947,0.04649675094481058,0.022270876934627218,0.050932574427432244,0.05066224881517991,0.1487117710396871,0.03183004096805584,0.011691604919519169,0.002735160193768711,0.019878658587974957,0.01657869784998188,0.04821692515580339,0.030664063951824392
81,0.06435562838743315,0.03346475481908751,0.0728317446003186,0.052039137898891,0.01630343857507888,0.1434595122189082,0.0360334169865287,0.01477620572404522,0.01280217898301193,0.019066002730897015,0.027279259464633596,0.024328605359109207,0.006255218039812167,0.01890595825818911,0.009091300687741338,0.005587525215820212,0.015240025287579133,0.004941574037681164,0.020180559652839956,0.40305795307239395
82,0.008869813637586944,0.013546604495068684,0.022882934323508783,0.01327052582794675,0.03406048848147873,0.0066046576086460675,0.12213465073569507,0.030308093843668303,0.019457930898061155,0.5823244534530888,0.03641713216104437,0.018203219606022464,0.00650460499283149,0.0087330506886871,0.004167048843790644,0.023807379329773976,0.0050285118852183164,0.006770449492855955,0.02318175689506049,0.013726692799965827
83,0.3407566055224563,0.0027049386513579867,0.11509708773163412,0.12139106579434372,0.002177868461799631,0.09061491464444182,0.020384911060815563,0.023795743683655612,0.004080021844543208,0.004847230902379195,0.012142914306885527,0.041294480234508026,0.04380442900820763,0.001821874838863604,0.0010171576030660447,0.0037347348624348405,0.15378563958547592,0.008672572087135373,0.005551361607968995,0.002324447568026981
84,0.0286261251851788,0.006653734745555131,0.006911810673687144,0.012530155487660516,0.025014990262465696,0.003162552387858303,0.007188863729732671,0.004510703062378609,0.17892336198367606,0.02452839326704557,0.017966421485729946,0.00407816449422614,0.04445677899296806,0.046820000059711764,0.44473401953899067,0.08748495590235723,0.0035962512601798364,0.01563898464916322,0.01193019226867455,0.025243540562760097
85,0.0069698418699907705,0.08489371549399427,0.009256295286812594,0.012231381351013183,0.012111522423331193,0.0071586624628326686,0.052515816605617785,0.008525071753508967,0.0036341711083210143,0.008010351175312095,0.030975807799494545,0.008994494570900378,0.0009402263362953771,0.3171446323938775,0.020959735897511034,0.0042354974876461764,0.012666381736716059,0.3587020413698553,0.021430133643315495,0.018644219233653656
86,0.007440567981131919,0.004769583410223581,0.018698143983653156,0.007485955131973125,0.005416394934092037,0.14881559024875646,0.004146792041246163,0.2952755084113788,0.00348354237490971,0.02622952018943938,0.016707439603180566,0.004638451120003827,0.009684611057588497,0.30071006374093956,0.0014540313873785352,0.1077222854592344,0.00258266116066781,0.010011505959583406,0.020713128903361508,0.004014222901257622
87,0.009670851935570303,0.021158916304222557,0.5300945885036901,0.11196722621413528,0.015919699492812897,0.03690459778301112,0.009662451520868927,0.012071387595516887,0.02526386768798573,0.007576686315994089,0.02525861079086431,0.06828024434436142,0.0026489949553996197,0.019480885593716715,0.01711992789779328,0.033830093420807436,0.009273896939903367,0.017898199544815457,0.02079836203404591,0.005120511124484595
88,0.005608047265305269,0.009057851817588796,0.010631320628903606,0.015384142902875111,0.007344834815462394,0.002818031155687861,0.004020981338388644,0.022330419514068525,0.04077729634305558,0.01855921584291975,0.03370269768989151,0.27631850375278144,0.2890494776266177,0.03645525246426766,0.022619459285005864,0.02472981123718837,0.13311641064431548,0.007213817114984288,0.03442738207567122,0.005835046485020929
89,0.028317627048151182,0.03694324003656074,0.020931903289203614,0.26213186979120684,0.015548539021211855,0.008710144270721918,0.04507674070214234,0.010865271353841851,0.0035568251166787656,0.01716218055955962,0.04991189936766016,0.021216952940415958,0.005882555622792274,0.3346686971327082,0.028805458518435398,0.03336563925938924,0.009977849822937701,0.012390870698996068,0.03447364658032016,0.020062088867066234
90,0.022831472607473202,0.03775821864283118,0.019683865021326092,0.025389010523656316,0.02182432780801197,0.014162960026520687,0.04778970766542982,0.015827190529563183,0.016052112120473208,0.01068927593472661,0.05394197285849424,0.04186334652337395,0.010993073062401134,0.021483949797292994,0.023713635599883418,0.03048925199851913,0.01798622657077475,0.021030616835901215,0.032560692435372,0.5139290934379749
91,0.0030132812417623875,0.002617835593822791,0.004589776964449018,0.00265783702600367,0.001336793650296681,0.002227296837028069,0.0022913831571212116,0.5400827938893544,0.011103288279487197,0.2847876057168187,0.017771197178407378,0.045344436322881744,0.0003181582050575274,0.0031379471152978467,0.0016369506129707474,0.0016316759014893044,0.0008602867711412251,0.06569660882881774,0.0041356443044546064,0.004759202403337758
92,0.009311198339982585,0.5853380478025464,0.02277082468259966,0.02343468272936017,0.011709720022638748,0.023065588261736485,0.02038572451578155,0.014491390790027767,0.01573795325266484,0.008641606567206566,0.03125923224025906,0.012540149574340805,0.0037126949056591053,0.027707278476182786,0.04878679898706708,0.024934875739653948,0.0083786743725593,0.011431164726671269,0.0332500721425025,0.0631123218705593
93,0.003867747987870095,0.018086296433222925,0.012477160359959263,0.03966190034278451,0.011601670235977557,0.009795990743601718,0.005724009393343727,0.01361712115700799,0.42562668707189677,0.0029545414327076308,0.02906806279305119,0.030977776112158205,0.0016614930982345125,0.3054601359838632,0.01238579645710333,0.004468508250030433,0.012107277867165301,0.013292867057655715,0.030785648690365586,0.016379308532000324
94,0.011501431371691533,0.0090781384645034,0.0222293712357725,0.015235531107118436,0.01415286929059401,0.016179606884427294,0.016083160639427486,0.004300311899778038,0.015321200252686726,0.0028686917054706615,0.02505839902611963,0.020815741717957248,0.0035717782947964523,0.01788388848725281,0.2750172500697477,0.4745118227808539,0.0053159624758944,0.009777895507502708,0.018877882340156107,0.022219066448248975
95,0.6825703950255844,0.005295549648871744,0.008097604923269688,0.026736818141772357,0.005079329292248982,0.020233690455732888,0.00618158054688126,0.00962434939569064,0.005962470546749069,0.003471604337143246,0.008872188286873842,0.0027336565161661737,0.000732286261583641,0.004828951811461339,0.026600413272503,0.0028678704436780065,0.10611196722615392,0.004103051061414067,0.01004285741486541,0.05985336539135642
