site,A,C,D,E,F,G,H,I,K,L,M,N,P,Q,R,S,T,V,W,Y
1,0.007521559571319415,0.01585234566640102,0.01407883404067201,0.013016377306208603,0.010336358367393944,0.004885929823116861,0.0037784126782574303,0.2211484176467913,0.004326229648730159,0.005993987715605839,0.007605100545447853,0.005536556015817687,0.0015027485339262308,0.02428193938681551,0.0020094570174121764,0.0018498729564589893,0.605253093203895,0.026888211836304653,0.017569083392360577,0.006565484647064781
2,0.00847332320815866,0.020097030845011594,0.02449389269815079,0.017790679779555525,0.02074926039927797,0.09218203518741995,0.02966282784011047,0.019029451187213303,0.0345275273940184,0.007491748493454864,0.01374967155755449,0.023804501908542018,0.006197153787461319,0.016377556807334267,0.5470044198008378,0.01633978771041419,0.019115285683869616,0.012523465489649423,0.04276116560308025,0.027629214618885203
3,0.006692669815970169,0.7209594482586801,0.021058943116018723,0.020553469242576596,0.010284303840048017,0.012350917242273201,0.012301322472920984,0.01120515910569726,0.014231829999358724,0.0042094556444712584,0.015262961861980773,0.01446706279706326,0.004757679277485325,0.013696635432585973,0.01210594537521523,0.012509069833638852,0.008070126200386812,0.007188473742374773,0.023504422032313815,0.05459010470894025
4,0.016059759914503,0.024237477055642366,0.03286634884552799,0.03829007017259522,0.020453085030155027,0.012309092901102247,0.013224540380648315,0.4456603468621942,0.01281836150774557,0.028175150103569642,0.09973449798282752,0.055169062533374814,0.008699435938116331,0.016454533091188144,0.0060706613568038605,0.017976966722446558,0.029534080608877054,0.07124313171696812,0.037228100095530715,0.013795297180183326
5,0.012038269924842408,0.012241634550654277,0.0196029667180801,0.027811383073794632,0.010324340077766685,0.7488618965987383,0.010547602342335885,0.007281855211690288,0.009137573688850386,0.0031511962820497752,0.04287765550332497,0.010641887826074363,0.004854232007009114,0.011334373603412419,0.010281199054123596,0.009403357052361448,0.004908004723446854,0.018789544145954115,0.015512961987115062,0.010398065628375247
6,0.007278675087697135,0.005679164519167075,0.007380299011143563,0.014162879408269012,0.018794979340026656,0.0018767103348418612,0.0032155860451033975,0.6530318827598005,0.004377454781009999,0.0036348934506823883,0.010513786696383752,0.006210389140699135,0.0010092751912525117,0.004528770793230453,0.0010561890180762127,0.001552751375129772,0.002068641062697206,0.23481127325750903,0.013384923842561331,0.005431474884719006
7,0.22148847169390873,0.0038853109421926207,0.0032465885694098373,0.00457252519047576,0.002572463191455552,0.042848104680412356,0.0011539360555258551,0.002445838323528759,0.0018645441261021254,0.004140154102535435,0.12185759512289797,0.10175347945712551,0.07324219371507232,0.2645317599868891,0.0005535730795673114,0.07387184009421144,0.06807883491106936,0.0016418509304722353,0.0022068461024293442,0.004044089724718343
8,0.01598488568767202,0.013636742464288594,0.02834958420127596,0.027797513574348908,0.011480827141391859,0.008045707857975653,0.00894744199385962,0.007676560490171678,0.02230463978069821,0.0037228065608252295,0.028196658940086116,0.730963909124978,0.0041316877361796695,0.01598633859052835,0.003965810674083302,0.011238263828569864,0.010940446098181322,0.009644568484413266,0.026826622086552374,0.010158984683920066
9,0.0256257688567228,0.034556209065965154,0.016115912411960757,0.029737001472728813,0.01851503820131404,0.04720050428681404,0.011579963688044387,0.015276546951763703,0.038527142426226686,0.006943069735574038,0.030054056688539322,0.017085105954598077,0.0058599693775292965,0.011523939328753586,0.6113111424104477,0.009619587043623179,0.012208608489979027,0.01409360209567956,0.033234180663766565,0.01093265084996933
10,0.006138932209797746,0.009079645507567277,0.8258659828726035,0.013203644570074011,0.006602411869821689,0.025990699186995765,0.00871535281021105,0.005692684221584113,0.008559847691173674,0.0031037537230366135,0.020881100326207314,0.012118480362837747,0.0020775630249917246,0.008235643541954813,0.002778191860506647,0.002597308491559049,0.006629107251389969,0.004845735294913251,0.020119347641933207,0.0067645675408408166
11,0.007637160840924664,0.026997088220479883,0.015710162581572158,0.015860941502542233,0.6910883246249803,0.008175016278551038,0.013671499493533476,0.01469453013267303,0.012584172219857364,0.014760986709619147,0.034673785816011854,0.013554486064836033,0.004756253163215461,0.016833166483530195,0.006011885968033641,0.026965889418014716,0.007320204629899534,0.006307556838639117,0.025942091970157163,0.036454797042928935
12,0.03567616006655437,0.01662883675015192,0.015994950733569026,0.036943089402760004,0.014992104836735434,0.007394745068430426,0.01279965077312781,0.03278979019226799,0.01096986875009963,0.00807843518929837,0.03707916634527257,0.012521827748476601,0.004131992633961667,0.019911455842628566,0.004857855427501703,0.010353293171356179,0.004838322873838849,0.678921569710631,0.023369746705016417,0.011747137778321336
13,0.00605300069755233,0.011062809679050257,0.0019769991838198323,0.6988229569420745,0.01643661399885272,0.04877889935216264,0.014080231399202031,0.01733468368792333,0.016695334767366312,0.005506330784131163,0.020218979215260096,0.02056772330989918,0.004944361790435618,0.019560560614673587,0.004911966217595939,0.005095033502715948,0.010384680421222162,0.035702706321215825,0.02173661988334594,0.020129508231500663
14,0.01741437280142411,0.013258452167157611,0.03541169280957713,0.022614519061296513,0.01969848140423325,0.6933831187971184,0.010724051654922934,0.012720300690727524,0.02488679494316457,0.004511208456756333,0.027019917286564554,0.017277013359121365,0.003511342800553978,0.02282496556172673,0.004380628106143068,0.01208448868486906,0.009808550055515496,0.012421565964134353,0.023453456096291982,0.012595079298700998
15,0.006471591323630346,0.012606882943453773,0.010750647094843555,0.009562228640771995,0.01103699766409928,0.005140446438035346,0.010942213097665885,0.024694288642303615,0.013707629510663207,0.006873107244421963,0.5203679732846903,0.018166788166262455,0.0042583871992501994,0.009980995392538475,0.007384898450217439,0.00406572245024345,0.1862406758737808,0.04427376165098592,0.08452557975753837,0.00894918517460366
16,0.017938213056616126,0.01334811127725583,0.009839083664259977,0.00623289960907877,0.007620246279566792,0.006659078944379952,0.008288924269621342,0.006499638951524561,0.00993649272089358,0.03815055083479937,0.024726153194986507,0.016885141900506922,0.009701863939949653,0.010412120298991839,0.025705534604214687,0.712843103687905,0.042875643757959395,0.006273165004953733,0.011258997459068333,0.01480503654346764
17,0.011961243352588108,0.007131655668588395,0.025189360753271224,0.00864521672862347,0.008176673878875194,0.7494608560428946,0.01068583223741298,0.007626119450164791,0.017706665313410478,0.005919179566608578,0.03326021297084621,0.010111325056637805,0.003397947454554798,0.01566365009922279,0.005149554402439226,0.01074338175385328,0.0048992041268769325,0.026238246089654922,0.023707122205006415,0.01432655284846986
18,0.6035019755066634,0.006836806435969532,0.004685114508165969,0.02974458986083892,0.006235848826331884,0.28006843307752305,0.007956523989502372,0.0048140840633206896,0.005046623082549907,0.002306696459892588,0.015563688084890361,0.005382125664212182,0.002117079118760521,0.004474864451712903,0.008373422895405458,0.0021813863210256535,0.0027601989632641695,0.001730312755835831,0.0010937491952944542,0.005126476738840236
19,0.036885786262939084,0.013344858654918459,0.013679936446753855,0.017294304792973742,0.025249899590662955,0.011981293771205543,0.012512355108003501,0.05332356420696872,0.016061284829211514,0.004536448941118251,0.021811265276138886,0.011095917705186852,0.002886001163446135,0.016377323609968523,0.01216027719943935,0.004639693576430987,0.6772548095279425,0.007929575189107252,0.01796901060156988,0.023006393546014012
20,0.0069050705519590255,0.01017985099266124,0.012112147597534005,0.011505571227241497,0.011877843601431128,0.018673505017861906,0.012791204161218575,0.008302377136895172,0.010199822182784223,0.001975537869678039,0.016195970812410126,0.01659611515329561,0.004436484313427976,0.010263473360089622,0.03555247960858993,0.010129437988132303,0.007997603758821893,0.008380808320747272,0.7686499721549891,0.01727472419023143
21,0.006433243985054017,0.02635151087886735,0.012669748611190138,0.006691436157931384,0.019390396029706554,0.0034471183502140746,0.00432801389793683,0.3022331842092761,0.01029259578446014,0.19904689287638788,0.03141149977673548,0.007736761811112523,0.0011947878825323247,0.006555033002715558,0.0017274057818551362,0.0024440824130970034,0.003289779080525166,0.33457231186171427,0.011827359639080963,0.008356837969607194
22,0.005889382770848156,0.011891665445173671,0.7315739123236424,0.02399122120920444,0.01734665401301041,0.01600247532173876,0.008773876871117801,0.0078371044416434,0.01356319176561945,0.004756433808715303,0.024646403518283885,0.025500084218868114,0.007144529494660793,0.021723026147876703,0.00693869843370905,0.006206582812661597,0.0067714841560617,0.004937775484776649,0.018609407678561396,0.03589609008382619
23,0.024567252246030836,0.007362958909109682,0.018569497431776046,0.007830264046305793,0.016996002007311432,0.006247088540460406,0.008092228288621056,0.4122434776352051,0.008885007544712309,0.0034456967037011454,0.020589678082770613,0.008332481702036687,0.00403378010858618,0.012493604026333403,0.0036659382325772327,0.00283454381390157,0.010895063809382082,0.39464198510749465,0.014918692938856299,0.013354758824827494
24,0.020765963334503708,0.013994348941517298,0.020511403181218718,0.01786387053832542,0.01953663854643518,0.007136743131396885,0.01780046298852691,0.0420214629075451,0.02058694300817663,0.03570827737308237,0.027278828070890097,0.017919206669357965,0.010463524376449125,0.01975056450606087,0.008344709744082383,0.0070342458015730455,0.012002339552196236,0.6391820890435476,0.023972629849714412,0.018125748435400026
25,0.006233167953096385,0.015580220713057773,0.013533709615667064,0.017920145741037456,0.008808459773869088,0.006572299606237839,0.014647666906113117,0.01482943724940132,0.023381384973666396,0.6859445438544948,0.021029987725401985,0.01950718022185829,0.0031272094411327524,0.014888821664090392,0.007771888182819987,0.01775730870873091,0.007959887835647245,0.040252184207582094,0.04074659760585138,0.019507898020243643
26,0.0058878718444081825,0.017784969532976102,0.016004867123434328,0.683766353100104,0.016545123663081435,0.03364602716952905,0.00745385199369298,0.013819411992180406,0.049820814627179424,0.007283118003343528,0.028014891148868615,0.011363259169341916,0.0027393213644538216,0.03348585684277104,0.009331598632354098,0.006548122137430386,0.006461916264751852,0.008506814779703427,0.026497699634623666,0.01503811097577179
27,0.08574295360809131,0.011782696822520759,0.004563717627681698,0.006485477631007121,0.00887652911296199,0.006451402899408504,0.11914546432682853,0.017904562411489303,0.008378543164311202,0.0070007327064316414,0.01171008118629548,0.02296338060485777,0.010609904066828732,0.005029773330624526,0.007030189515653805,0.07573965230512654,0.11289703239113227,0.4400416098466547,0.013092056093024669,0.024554240349069483
28,0.12051801576490359,0.010352127775289537,0.021260821259397322,0.01755393666541313,0.014061375411745193,0.561012596449209,0.02253891123498333,0.004763047660102458,0.009839504842216195,0.003118008373735436,0.018642780545003283,0.01070772677663474,0.010416376075236019,0.00961510677244626,0.012315192755695717,0.04369287922005637,0.05668741217910297,0.02665688700755602,0.018732482066504498,0.0075148111647689465
29,0.03443463345870849,0.00038497529750181417,0.0005970907094258518,0.000610088877079066,0.001046948958474672,0.01875859128677364,0.0003970089303354848,0.0011958523454614384,0.0010497121244018805,0.03749171510227871,0.02251307914727892,0.0009741420971848322,0.0001475543028385679,0.00042596107605849927,0.0001164966863423924,0.19880742906206275,0.5400567221889883,0.006669265913574443,0.10653175983753331,0.027790972597696948
30,0.006214855721434598,0.7067223173376911,0.0114054845089541,0.01732425941164974,0.026041852066738567,0.013928259230371958,0.01728227005903079,0.013449195320099668,0.011590411734291095,0.005081800020137473,0.03527153572145268,0.018068828986933936,0.006067571619388164,0.018344638909563598,0.015485130015489403,0.020039568378307223,0.01061048124926428,0.00804683873394512,0.013971105080838533,0.02505359589441811
31,0.025020195175717734,0.01259018327485177,0.01029744543012008,0.006420771416349285,0.020723340762431756,0.003760876766918776,0.008073393724086442,0.05313465832251581,0.012089956892871302,0.017595091146230753,0.016873752925195183,0.012292804190562097,0.0039878315339902685,0.008684565474476548,0.0038801871106873974,0.07418564590443422,0.13261672524285698,0.5502137160142245,0.019580191439562557,0.007978667251916535
32,0.029773993674263637,0.008945600704272078,0.007989038172529819,0.011660344530203948,0.009988914398527851,0.006105553476968434,0.009400105775462056,0.011262893472363297,0.010456712120152891,0.0036788008730775806,0.01604077950609142,0.0066857355621821315,0.004645019580932589,0.009284016591602797,0.004969627683578215,0.018923033759080936,0.7928496675525124,0.004534066186083685,0.026099351429664932,0.0067067449504492
33,0.018433466199792983,0.01408391880881802,0.011434801604070169,0.009212169461966867,0.01304425587751486,0.011909434279427507,0.015308416270452084,0.012823477501518007,0.008911898227086906,0.23656493714043778,0.057006904911831746,0.0155125707585041,0.009321229848878147,0.010873679624268884,0.00437073760978901,0.006576199850947415,0.009426505980814175,0.5022211949684648,0.014463361824660313,0.01850083925075621
34,0.009741103983936508,0.019783263118747015,0.017176183871131588,0.01701573353915066,0.012555760693526624,0.01142888665398725,0.03525192082073677,0.025885317684957533,0.015125437435497513,0.01774606953092624,0.6309159789539189,0.030894793765136846,0.011689094446950668,0.016667890895066206,0.023178513802908553,0.029972907186095653,0.02740441015540938,0.016534842359382566,0.0162830571895862,0.014748833912947311
35,0.25114732256747674,0.04166391171497152,0.012089122440100943,0.00227979451626944,0.013373666729803023,0.527859664138235,0.0053854557194280925,0.00871099957357579,0.011882541319653777,0.003470473032507028,0.011697813628992448,0.009760244555525087,0.010956649637181754,0.008875297985646503,0.003925823349054154,0.014795897812897413,0.01875893210696719,0.008411300016498586,0.0217347284550576,0.013220360700157923
36,0.006090191127001093,0.03170085245411459,0.0145565784189956,0.08178424820483769,0.04351115227025561,0.010178727915528062,0.020057263240303557,0.14380950427194678,0.07475985128693347,0.00796556054528342,0.016377342817985183,0.028297140526976274,0.06958225547963953,0.15346570842574486,0.15440510948831576,0.011323485577767297,0.09058336195044557,0.009329147459446678,0.011171512028201087,0.02105100651027792
37,0.12734713601483266,0.0074011262202251515,0.09576157911786175,0.026621367140477095,0.011792123955366409,0.1264759248173173,0.004071498661380893,0.0033430045704461093,0.006898781684739149,0.04827336009832349,0.2639791315707537,0.009918200355722604,0.0011649718383905426,0.0061512843688679986,0.18321096997839081,0.00608683075770392,0.0019219068778933237,0.0014962267351975942,0.006381349547391943,0.06170322568871759
38,0.006057479431232648,0.02831832921533954,0.021366172526774946,0.033471862400484234,0.025779834831807017,0.007160339709317819,0.01077019010571691,0.01478047933493517,0.6228149327126088,0.00657788241667036,0.029528886760705267,0.00992961779308077,0.004564853048309871,0.012983558187611629,0.08375354873343961,0.005353176149930255,0.021883081389599632,0.01790446773073902,0.019025523244027356,0.01797578427766917
39,0.0063619356156331365,0.02453712833828489,0.022711276007290553,0.012390268870579365,0.024857316482074735,0.00931162180925056,0.007454659720282777,0.015732787307232345,0.027765270998164844,0.018764223392393364,0.032231131732903644,0.026185313661205915,0.6504615081020475,0.005050693732813962,0.006469516008444124,0.0411319225286799,0.007036338912712448,0.009385374972534947,0.03131770362353914,0.02084400818393181
40,0.04449064064486407,0.02452681378914782,0.013646926603487609,0.015682074140937946,0.020841969588650713,0.008339257550756438,0.011197172954550277,0.028572047165428455,0.03267754749312146,0.0056660805866968434,0.029954168385339083,0.013698140827942825,0.0033859229674458517,0.014035624829965041,0.01542476110384436,0.01763904371903514,0.6582153029222071,0.010328212833652298,0.02019291708210079,0.011485374810825915
41,0.00845135354859728,0.002908294776128533,0.016081568887802287,0.004408482538721883,0.5329684739806478,0.001333692399974655,0.004389182479446794,0.01067437563590864,0.004368683769490307,0.010700997791569699,0.0836627200450439,0.004555160393294868,0.0016360921460206062,0.005367057436968866,0.0019032361805401982,0.003912147601492764,0.0025007367761881233,0.2869716004001147,0.007622458380941484,0.005583684831106546
42,0.005036591085771995,0.01420917891879749,0.7167953753013612,0.025466328652994082,0.014136830209810375,0.015462494516961444,0.007853897117400192,0.013005372681914488,0.017105704398489824,0.007033097000340594,0.0389674587616245,0.04027520260881071,0.004150170888733355,0.010035334871020228,0.0053491647948419995,0.00505848510598216,0.006158368299038176,0.007560430599184983,0.02317648814836227,0.023164026038559972
43,0.0016336405871101491,0.0028801456839178965,0.006508130409175368,0.002753936391866062,0.015213485182235247,0.0014632313578444834,0.011855687445041133,0.07925907632985928,0.00343413655147623,0.49696040775528316,0.3337429823954463,0.0047532947070870095,0.0007094752905444922,0.008297430797056147,0.0012771120137591125,0.001081709843820228,0.008161822217400505,0.003790694989010721,0.013211729879487023,0.0030118701725794115
44,0.01303214530488457,0.012237646709705107,0.01913639227870791,0.7383828780871435,0.015330966828172341,0.019175174818055685,0.007654586058614154,0.007092601921024302,0.04262175648321502,0.010895008466791764,0.028874262824206614,0.006669393570057036,0.006353555746146573,0.013944856491415384,0.0054920130325004065,0.004216929184819652,0.0062174310210440726,0.01119214465552717,0.02321776048999503,0.008262496027973708
45,0.009003365799074752,0.023953533553681655,0.022211081011549092,0.021879914327782045,0.005484528216859533,0.012223557395831466,0.014535166054945326,0.012851212674249936,0.017320413742343853,0.5864821398243651,0.08642029218484261,0.03958501500664718,0.005333277412636528,0.01363961889795761,0.007612874999975574,0.02958645528220373,0.014304953941535132,0.012666172624895037,0.03536873496584504,0.02953769208277879
46,0.09062599377086644,0.01658031982428509,0.024170126841239297,0.0748959748139337,0.022499225762396085,0.08321186198826813,0.009412522083764543,0.03670401884902332,0.03478264159343994,0.00904829964132391,0.025369946044470057,0.011995580106600609,0.003923364200041904,0.016352867482125635,0.0047672363159137095,0.016100854415542074,0.006169989824618616,0.4599425986899416,0.03925866104037497,0.014187916711830338
47,0.48232479388561544,0.0007704431171444607,0.0029123051120765477,0.0019170865963961902,0.0017506611951962445,0.002372230890842733,0.05995025917714989,0.00071255375558159,0.003003997845168321,0.06184640898582017,0.3250753850054308,0.0029968852894099152,0.0001886356921476495,0.013120617985285826,0.007523748584321599,0.0012001020214312233,0.027919688245622,0.0012151401840505872,0.00204141341333334,0.001157643017975463
48,0.02979053520748895,0.016052242000130803,0.014218140796430885,0.012138078750134833,0.01766344875135014,0.00808296689158987,0.009390349232622044,0.013280039748810648,0.009568548782901547,0.01195333920427164,0.09170121795583404,0.014996289841901156,0.011096477312748014,0.012162228178350262,0.007530948385365461,0.06325728325615883,0.4133438131485782,0.18347172328403674,0.033559327416160877,0.026743001855135094
49,0.008210324169140875,0.019818589323920742,0.002829808736930294,0.004045556325210896,0.0034673195934921937,0.0010409948988821453,0.007700952154563671,0.3020590602740558,0.006575202665270526,0.011253722591068499,0.011508793337612734,0.003138713417525102,0.0001522147264004549,0.002479154609595274,0.42524974448438807,0.07991630514489319,0.051051734146855855,0.0014943325499508667,0.005976682405755532,0.052030794444487174
50,0.061233737455188064,0.020986548249058677,0.018435634413426813,0.011711991702635313,0.09355623658481883,0.006097125333915719,0.009219555102224006,0.024152768525113895,0.011665035340336749,0.03387163523877997,0.03203581234117089,0.015064340928601757,0.002059596339393557,0.014271347555202374,0.00484743832832368,0.0043570584907996575,0.006587698212622996,0.5999881001331904,0.01882629756407712,0.011032042161119556
51,0.007460766846094539,0.0236105737838268,0.01670217975158395,0.014975726864909182,0.019841930316408768,0.025265607791179423,0.010003279299953278,0.009612137371984719,0.01533797417716245,0.018498575315837745,0.020820346643794296,0.02236321489566847,0.004088883056643065,0.02805239445527987,0.022238432784233042,0.502558670792501,0.19739511881238936,0.00828634272087467,0.02251150108928848,0.010376343230386845
52,0.005977497702431484,0.013558188063696394,0.027132372325572158,0.009562764434600027,0.00900644223146995,0.098087077830304,0.0278801200362127,0.018578552584117464,0.006579369171642661,0.0036218829208601866,0.027909038731055078,0.5138869525599375,0.002295242771395657,0.05380654768102922,0.006115267102473795,0.06359001397597078,0.006286041216791032,0.007828520143093732,0.021468391105623354,0.07682971741172284
53,0.004400793426834686,0.019753123184822044,0.00837211784476604,0.008905089382344588,0.007468820272168372,0.00282700175250814,0.006809792760806487,0.009471225282947358,0.006665576201905981,0.5486338117317803,0.309921122023943,0.007082393851601164,0.0025418025121491097,0.00767670879400694,0.006028094000585016,0.00283390491062642,0.012042514380480361,0.010436566657541715,0.007252069703967392,0.010877471324214879
54,0.7269745878488668,0.01269113775642318,0.005655002777642984,0.011114143118953805,0.00907254295207275,0.007587320697820394,0.010108039054332154,0.00935305246924762,0.01643810026430779,0.004624396183715727,0.025598577564409846,0.016890286035562554,0.0074627076411295165,0.021420936031698153,0.005306168686772671,0.0038327250408735068,0.03330357916469847,0.0383624984886103,0.02413769050470237,0.0100665077181593
55,0.025468623551595827,0.23118417386250398,0.014181632739601073,0.17511847287569768,0.00412676989213698,0.006241347081938556,0.004424704392055918,0.005057755826812703,0.025606783117204213,0.06612997097189145,0.009114397857935311,0.010571229700433199,0.00837493168979579,0.01544987412884019,0.016886451735232396,0.019426790559898273,0.3065344424303092,0.00657347071859516,0.009153676542106942,0.04037450032541513
56,0.052172896592641335,0.008765267654002045,0.014484461994411009,0.035335503631192484,0.013501425947943079,0.005765326295218294,0.0132116861243252,0.03967128831403238,0.024447774597248912,0.005443611484936076,0.023577917741627232,0.015655641925023254,0.005603160514178341,0.014768433995520218,0.0074030679526489816,0.004262458638529543,0.01701522830885504,0.6618032408232462,0.024592681920993256,0.012518925543427206
57,0.0893395251152704,0.009729719557478549,0.01296912516005454,0.015613229547042846,0.011911886743068869,0.056320688402079086,0.012289249908395129,0.02806790672014926,0.012741687276996127,0.006739095991654241,0.03246362990116923,0.012775961864134294,0.006100603583529474,0.011319907423259938,0.6299382065342503,0.006213843897816309,0.005036186650921894,0.007659692292688325,0.021426564427233508,0.011343289002807708
58,0.013448606493546797,0.009863142128172702,0.031251906417910036,0.031728948642074144,0.014679807436055745,0.024348847438645675,0.18436088186859925,0.0059962716711620115,0.005539616924064866,0.003299453896179795,0.007650284607321632,0.14191599097360316,0.005297600408748069,0.004081565508175314,0.0017087709799121504,0.40878741113110534,0.06503796550579338,0.02565284485139717,0.007541038444057014,0.007809044673475749
59,0.007346356825325599,0.014445144347968494,0.014276378226814263,0.008805201159704241,0.3845887116995011,0.00488620459453981,0.021274840155448838,0.009849869882114358,0.00842335876369367,0.006552736674164319,0.02621550490485616,0.027924092033848602,0.0048153658051624925,0.011139211034054968,0.0036139503022746995,0.003851239196425813,0.007322500983817433,0.00846698385384012,0.02396814679087076,0.4022342027655743
60,0.007661719594707649,0.7117149347315441,0.016024374310109262,0.014277635411860777,0.013077702648867658,0.014292364474545256,0.019208791262243,0.01667802792317555,0.01810228531721151,0.008359993008976928,0.021081441927368744,0.018964371310648032,0.007107018268630306,0.013656972220778928,0.02671195312864566,0.007649102854166459,0.012915464624756012,0.009930107534904035,0.015030139587257173,0.02755559985960292
61,0.008375512753396862,0.04345419887631198,0.021964350669517227,0.01964775683620586,0.013798848366902598,0.017929007244656542,0.032676888540985154,0.03845757264607059,0.015730419870153382,0.026785847738580774,0.034468161109511904,0.037134170607121236,0.00254735694501771,0.014648250613445412,0.0054657698378280375,0.005345006462916234,0.0625960836551054,0.012154023379881905,0.028648047209121938,0.5581727266372691
62,0.0427123200058233,0.06725653096552506,0.20646072412442917,0.25906567907289524,0.12233143368084261,0.017109669776084753,0.01084742417058667,0.012715303615979178,0.054558276786292596,0.005161633800847022,0.030764029166574825,0.03305143329553831,0.0017947497557868279,0.006222325899362923,0.005838614742572002,0.08026639167953321,0.006652545905789432,0.01114466272911616,0.01342283879342917,0.012623412032991556
63,0.5143719134683549,0.021450040744595448,0.020737165216932828,0.014915964802128659,0.01996701991593702,0.09877190091116994,0.018992201959805395,0.028488503444971815,0.01753732247733039,0.0067106898736430266,0.04387283894708394,0.021960432341774482,0.0037556523374552677,0.017571257495622276,0.010501316016046097,0.01209632625516526,0.011733256748825223,0.05257896990581749,0.03960521397238623,0.024382013164954315
64,0.005566378353907788,0.004292248194239964,0.010602116485015802,0.0038230876047756867,0.005774881296647874,0.003058284771238064,0.061755109116610286,0.00241523793504544,0.08601922832198708,0.08300830231055915,0.007395144968078745,0.006054668366718896,0.0038000255788126964,0.0038963783316962783,0.5658112906132611,0.06118853286651065,0.0031108678892589254,0.02319154456873289,0.0036603956711823734,0.05557627675572028
65,0.009599290627612523,0.009470326118712827,0.015507210322627757,0.009574234176657384,0.01474977178595848,0.005942498731537085,0.015604963097565644,0.46576840425389326,0.03042382905120158,0.0578285344131603,0.06837637497995055,0.011157591739182059,0.012145046941564123,0.010297969523125904,0.0037946228097525208,0.005639498331032152,0.03237321423448678,0.19799268811407708,0.014061888237899035,0.009692042510002935
66,0.4847676199751821,0.00498028315301358,0.009611005845191627,0.01001295425382095,0.011597105254780958,0.0021416510644109103,0.003081846024731483,0.01904051654744501,0.004237975670660652,0.01996571520250294,0.005399372922401442,0.0083398298678082,0.008551013964788036,0.0027585732683683374,0.0009517326473497017,0.13272433738545533,0.005641549800386076,0.2560066191910661,0.007146018516837756,0.003044279443798835
67,0.04794610711415372,0.006710372883501468,0.33077727410420676,0.28577272373645374,0.009244284221844925,0.041113477074721405,0.052851669778551845,0.0058427075556127936,0.010221684225001373,0.018000769663753566,0.021017421693556776,0.07532172972792833,0.0010823473269528697,0.008919480027316656,0.009770459200342115,0.002620379234719894,0.0027817343328008027,0.03138284986710636,0.024781762485671186,0.013840765745803497
68,0.0038075936589613848,0.017113814062090407,0.01261983725472391,0.010117975622002381,0.014594394436943256,0.002811494752328131,0.005960185559422888,0.2847776332251179,0.011070055392012106,0.0643206275587005,0.2458091088472021,0.005238233971493851,0.0022705344768059583,0.005810822512908703,0.008268844569122032,0.059360936850413146,0.16295172526980822,0.023129326182358426,0.05083150736219446,0.00913534843539023
69,0.12915037114363562,0.2722221774316046,0.003238567904729607,0.007036851275551225,0.013395705351711336,0.028387198231440924,0.0710660151918192,0.0049944561875551454,0.004954730870692153,0.04127672421961258,0.02407730467925593,0.004926631037014127,0.001349770067749301,0.007324078947551493,0.00628124948614556,0.0650798852418589,0.013599975203713394,0.2753271439295657,0.01585974018875204,0.010451423410041225
70,0.00993315024205565,0.016653637794347566,0.016962525746634493,0.01126679060052707,0.008273192146943425,0.006028484874753617,0.00998370889566529,0.040064157806005314,0.009945245157884924,0.018036349288711857,0.01816482646105002,0.03437908453633936,0.01554741171865993,0.007395504309993288,0.004832884159717203,0.4867274062076456,0.032415569027530435,0.2247013215960027,0.01498824715786893,0.013700502271663214
71,0.00933534323906915,0.008119412521641256,0.4786863830294953,0.08639493932355244,0.010903082869752074,0.029284459515038674,0.04620829351821191,0.009473026468909546,0.017802744243720203,0.14192025348258622,0.03704511139313145,0.03312487204818546,0.0038017271826515293,0.01661560799630505,0.00716587123712544,0.0066950288293590905,0.009457945371742882,0.021179596081825926,0.022270047195587978,0.004516254452108411
72,0.254825839275616,0.007905656825279198,0.01018052383712541,0.010458566148996625,0.012483869239046269,0.10474652323883116,0.01901148202565748,0.008003525105494253,0.010196723474977304,0.0037193244032926133,0.01518460546678913,0.030945982347531025,0.0054789617715439685,0.015347750264292467,0.005124832452115572,0.43813361126272365,0.01720466891230157,0.0042670655147685555,0.01363091277037141,0.013149575663246335
73,0.019143231528065,0.030474807037256857,0.032497080480427945,0.032693944804648274,0.01949369761506437,0.016322579651219523,0.0849279797225545,0.018241964405880957,0.06897336687943126,0.011077335807560916,0.048669901193057995,0.02485941866732214,0.013562792869054346,0.01938389920950728,0.462278005188321,0.010786241085013967,0.0138437760759778,0.014385117614481763,0.04189130057279933,0.0164935595923548
74,0.01399483213554983,0.6311300006334801,0.02018428368063119,0.01913252427871489,0.011390104269886518,0.0279057761666826,0.012695801462716165,0.016815044715913212,0.022969262761827397,0.005344874495711191,0.04478604666492255,0.02573207751037895,0.005196737990410633,0.02405570071224035,0.019233456049437582,0.022124025422320812,0.011497561838003777,0.016902141232775066,0.019442267998642664,0.029467479979754442
75,0.008286705742244636,0.01931083596643842,0.018444361059305595,0.019249513163307853,0.01821549466411673,0.011377477852871345,0.008391654503845583,0.011649288990232156,0.014421850599409088,0.04164221368930821,0.029193497659274998,0.017230366797503317,0.6749486648793189,0.0031489528249620427,0.005048403707452639,0.03305391629136837,0.004579254789939441,0.009930314184307176,0.03745271475852857,0.014424517876264972
76,0.3949477134380236,0.015068660290333566,0.013737446455093475,0.013227299820424736,0.014062230943926633,0.021467969365063566,0.007786435079598615,0.009731225295794156,0.0069532601267108165,0.004252628810117089,0.018055047223764394,0.0067765027549238485,0.007599195463499302,0.014430162753272748,0.01059255580937521,0.036091341986548335,0.35634594670416225,0.01218410783110458,0.024071327441185376,0.012618942407077753
77,0.013767775081603498,0.01302180575363657,0.011998279644753924,0.029437587739940995,0.017733294515185252,0.03873834201184298,0.01752478990202836,0.012392708175823537,0.016813630213631237,0.004569998344863427,0.03609407084863881,0.010324552682700775,0.0034211192047270463,0.6706366768368224,0.012757424464934514,0.03382767608680807,0.005415651758643389,0.009650085213381959,0.024767307296107717,0.017107224223925722
78,0.004749373924976703,0.008952258703557682,0.014757506968435913,0.014674099799784793,0.012098282931673376,0.7702388783006799,0.008241862226369336,0.007801373503256935,0.01865896820276117,0.005055008463614474,0.022993591126307708,0.009739543315991929,0.0038508388208945378,0.011527296547819024,0.009055375035928069,0.0284745744115088,0.006604981897382075,0.008664253081243392,0.019819617271642342,0.01404231546617172
79,0.031127282335822327,0.03994354836475924,0.1426772678001683,0.3156671289001946,0.0319843121656785,0.014349038549956655,0.02569614081438141,0.02433908433666705,0.041393612888843176,0.011049231060020875,0.04041811146100786,0.022268404993415248,0.05796888515683624,0.03397723806544157,0.01981374767327969,0.050049039183058135,0.025385945404838735,0.023288204838280105,0.03252274244001378,0.016081033567336537
80,0.3522376614650041,0.01714715327247622,0.005606176283258539,0.01678219435666819,0.026308085104185558,0.06360978447686773,0.01724067746612883,0.03063513888635956,0.04310145598822321,0.012263308781522313,0.042798305840718705,0.024256140219697884,0.1776614083133314,0.025530896612066867,0.01979779986359066,0.009236622451124136,0.02065110755837711,0.01723545596127302,0.04579167521855519,0.03210895188057074
81,0.0819034307872375,0.029104969489368842,0.0715309411743779,0.05450504218899729,0.011689672140116198,0.15865922332200486,0.04101081021795696,0.011071333660993965,0.012421650804694418,0.01564507143625886,0.023736843485579823,0.02688245810395357,0.01196890597728742,0.02268813703691606,0.00860203547385563,0.007934085997184058,0.011349976159654152,0.0047981206855606615,0.017675213229831163,0.37682207862817074
82,0.006581735569783902,0.016283737194645563,0.012179798198317243,0.01597397709677652,0.03740226470139446,0.01132184523425678,0.10862068952800252,0.07614372920468747,0.02937099890197171,0.5615277301139666,0.019590235310520548,0.01724979708803509,0.007605104340088309,0.009556166412770881,0.00283959511671639,0.019275558288915345,0.004747398257969175,0.008780778051218907,0.022225514697438355,0.012723346692524251
83,0.398611408304217,0.002769360198052088,0.11196692016236566,0.1317917010191474,0.0032049894460428204,0.0917089595139981,0.01981269535054379,0.023090606866950414,0.002401842666590964,0.0041557416900355375,0.013976998971243784,0.029698548791830308,0.04076065002149052,0.0027015962180500642,0.000806332111138672,0.003417772607832717,0.10045842652076882,0.007554524695678316,0.006803708831113272,0.004307216012909752
84,0.02859385839446624,0.007877320868749498,0.006086302230613501,0.019214805557268764,0.024140583271938403,0.0031854118814258927,0.008758852994174898,0.00395666190246701,0.17896438918733587,0.023138610864190008,0.023071100943858457,0.0060921610034854095,0.05244639590788053,0.03550254089143002,0.43624910036649556,0.08387303572944273,0.0034653555978512267,0.011101650667828122,0.014665239122272754,0.029616622616825072
85,0.006653538353742773,0.07692265882575901,0.012278876995119958,0.013277343155062613,0.008605917146153849,0.009964886849675825,0.07316313096335761,0.005643429294875531,0.013099732894862519,0.00692108249833855,0.018560052775741225,0.009051711029512294,0.0017744882072500137,0.3242677589006625,0.022912154708686596,0.003655484348145279,0.014061512028216296,0.3387410611098638,0.020775511275722067,0.01966966863925164
86,0.0119266996073419,0.004754743942631803,0.024013734224219284,0.013041225662022999,0.005065763277145455,0.1238760548265963,0.0036743465969634732,0.32499630806592633,0.003957780922522987,0.027202446813450194,0.014447921326682515,0.0095988769840009,0.00905001656583427,0.2827375957425218,0.0018930551642767027,0.11567143365917133,0.0033266606589944826,0.008406967848808442,0.0082833268214051,0.004075041289483808
87,0.010185713190523922,0.01987093812627356,0.45881310611125825,0.17587710397973824,0.015085967617594257,0.033909449915416064,0.007392175982343925,0.01283865059911571,0.025086860030094922,0.006626406757425399,0.03640288008406847,0.05551392304462173,0.0028214109062892566,0.027844547425799334,0.016905352695858886,0.033358256732148206,0.010607572299266156,0.021880539023617893,0.017567865737758814,0.011411279740786944
88,0.00957855268755926,0.007605968534807946,0.007849832827690612,0.009276871680085416,0.0058747406212037315,0.005397790479803409,0.004838874198444916,0.028681347922392905,0.01042636233444463,0.018317882281069883,0.04505462135943431,0.32459969453456644,0.24007845711226733,0.06240997374987555,0.01636310163148163,0.024249915960118388,0.13169794787176023,0.006559158762847987,0.033511402435398005,0.007627503014747478
89,0.02056963987651725,0.036185246080096004,0.031166792147084503,0.2505498891863819,0.022987702419349464,0.009816659085044328,0.041783792369579964,0.00914536538774746,0.0118841247873901,0.015256389471238606,0.028369790629451348,0.03279059625578628,0.006360930505890308,0.3145665291574619,0.031119355807786995,0.037886358086281664,0.013910719566617684,0.015436134648585013,0.04713045441155263,0.023083530120156626
90,0.017145327926402037,0.039620074163300635,0.027818917549805394,0.024057547234741978,0.023135030616249202,0.013589894347571501,0.037010268274736156,0.020959705715162324,0.022096841249639697,0.012756830496305683,0.04518827598746691,0.05249073131179079,0.013283539822245269,0.021350852874965277,0.02281917965306778,0.020639810077687167,0.018461997646389734,0.026823736306078257,0.035157097237912646,0.5055943415084816
91,0.004674788557319939,0.003710525567194511,0.004215269257827587,0.003209022222240852,0.001941173965740245,0.0013897053794773623,0.0024912551880138484,0.5128584763985886,0.035772630490719465,0.2504594408672617,0.04494405503468338,0.03735161276211302,0.0005534577023428823,0.0019277502846226458,0.0021886426986565707,0.0018958801875482436,0.0016518139759048303,0.07597055525557109,0.009418823092101385,0.0033751211120718275
92,0.011380389886617418,0.5486900326362371,0.021495637977000197,0.026342040551958042,0.025167903000145566,0.02426855908960477,0.01753644517807538,0.012731486046126242,0.02377404551352019,0.007009821634614926,0.028940479153356954,0.016242999925955032,0.005685073418351619,0.033686891164991885,0.05750514647391601,0.023134201949306855,0.00974673706932745,0.009156914977011868,0.03872790652579914,0.05877728782808341
93,0.004413918283232005,0.018901765030520615,0.013058597034442164,0.04230731760195424,0.01433001104668561,0.009017823466895999,0.007604913810513303,0.015113988416073764,0.42308378993431944,0.0040687308874461856,0.021814801709546906,0.021299975648473184,0.002223751331027505,0.30888522356474984,0.01875855147683894,0.00461450468506242,0.012055211325051005,0.009296200975421479,0.03364316650199016,0.01550775726975531
94,0.014531075806616701,0.013494076719548416,0.02146744105608825,0.024069302613388053,0.010583435969847928,0.015018904135342077,0.013523564656767724,0.007882779539216832,0.02239575742385336,0.003117642463984429,0.01727058409250242,0.012619190814241616,0.0027748531566847766,0.009760766219194243,0.23477794702318455,0.5187643179743094,0.004197284513632237,0.009742260880875339,0.029276732044626486,0.014732082896095181
95,0.6682134445914671,0.005451938441842524,0.008752610906255478,0.009277335263028959,0.005535010779438537,0.019695120536514364,0.004262366386111159,0.015154892579407695,0.00607678584076565,0.005262325238196424,0.009448290434366504,0.0046045187206884405,0.0012435036029524778,0.00664929397103689,0.02708256109090217,0.0037870141600269344,0.13001429673146406,0.0040084738057441826,0.012920079146177215,0.05256013777361315
96,0.005538803912982737,0.009108985407835021,0.017467082444173436,0.022316504377261914,0.023959349391528616,0.008396165480888269,0.012107943649282563,0.01584369197882152,0.016939127189511037,0.373919397610868,0.15658040617723182,0.014449818313083517,0.004403220731977638,0.011990338822727263,0.005434839551448693,0.010721350274342505,0.0069586391176017035,0.17301257302826642,0.0174391909383744,0.09341257160179298
