site,A,C,D,E,F,G,H,I,K,L,M,N,P,Q,R,S,T,V,W,Y
1,0.0009996110176766907,0.0016622924363657208,0.0019260728758402786,0.001980490299070467,0.002259458405417353,0.0012111275638077659,0.00030145921056596507,0.17721206385089702,0.0008267099555596061,0.0007053492435435139,0.29469460494688393,0.002411290881963516,8.140304381013904e-05,0.0023581843936187137,0.00011376028372888316,0.0003915615802739324,0.40751334990443305,0.09711888174366251,0.004291541134632961,0.0019407872282480047
2,0.0012264629828666104,0.006964555365881608,0.006198055069693014,0.003532818480858316,0.005005459020907312,0.02378709183895221,0.0069221644043339255,0.003910353202702057,0.008813466883762331,0.0015485043378367781,0.0015387529749587808,0.007295486178427419,0.001125042063714817,0.00503706239231453,0.8744575517086346,0.004414273684193721,0.0025906490116136844,0.0038704526821832968,0.024429174047400505,0.007332623668764534
3,0.0007691933566971775,0.9411109848625727,0.010815449385907954,0.004397722402170897,0.001766194895627719,0.0019864563554926164,0.0020707765714858798,0.002546207996752086,0.0028380461026261353,0.0004943952711020126,0.004415095647957397,0.002900435151907101,0.00036882066863293635,0.0026164439215948503,0.0014738654817320514,0.003278544587352768,0.001104339742307897,0.0009732603707563953,0.0030554829193287303,0.01101828430799468
4,0.0022727980911486003,0.011392853842091788,0.008307850397626292,0.009384302617904712,0.005753083299027651,0.002527351473052896,0.002903830619374285,0.7370314034329354,0.003196713148853515,0.00569915862596556,0.03529874574234425,0.022423976553142575,0.0009976005433719683,0.006481379352298617,0.0013673291787667766,0.0041976783868831235,0.009369155484070468,0.11530733774670147,0.012030287820460015,0.004057163643980168
5,0.0015189480985277797,0.002424920139590964,0.0028411483500792615,0.007508599152860141,0.001336401236630995,0.9612285187105353,0.0013229993248561123,0.0008180031442510419,0.0017774985457824773,0.00029757877307593503,0.007180181383671755,0.0014199341522105789,0.000380447253077151,0.001742502630341854,0.0024823200928894636,0.0006591408111586501,0.0004566838238368112,0.0006144929677179985,0.0024315632670003553,0.0015581181419054555
6,0.00679188305217544,0.0019147057145998086,0.005061685808808013,0.0028101841194728087,0.0058732985192348226,0.0017089540323086568,0.0007864002155768318,0.38143805548886184,0.0014124001432423924,0.0016296540893503666,0.005919396657747368,0.0012360160695890597,0.00010688840772219444,0.0015015619099257326,0.0001791525619755038,0.0002602766306216705,0.00048041331860231804,0.5743410837624356,0.005048433117152675,0.0014995563805967876
7,0.07944186955586922,0.00141760211482389,0.003653818628788976,0.018806586626651776,0.0008122809073264288,0.037338679791184624,0.00013684559049228804,0.00029029207636602336,0.00022775850069153218,0.012234489161771566,0.023458317658907536,0.03435025696259974,0.04277398359927578,0.18642196509158682,8.223185720593185e-05,0.05090854001012864,0.02164798021935284,0.0003017250224708795,0.0005098912719616162,0.4851848853525438
8,0.00191559987033085,0.002722414398620587,0.04595832609257406,0.007552258938120475,0.0024531177321747886,0.0012257149446646886,0.001336009402780918,0.0019123279760305063,0.004075537854612161,0.00044486899580147335,0.007169044769349548,0.8950868153494715,0.0003391875156639216,0.002957223991597442,0.00037446754221631337,0.003474579929261733,0.010881129116470089,0.0010647383551239307,0.0054050419202632954,0.0036515953048717304
9,0.006411205610745831,0.0055672892175254035,0.008529423850343849,0.004417641363981554,0.0036753325643215317,0.0157730897134589,0.0032863490512874067,0.0018837381152901817,0.011059948893737358,0.0007009092615906103,0.007417652927713159,0.00325602624614732,0.0008480028275086918,0.004143591414357113,0.8991145895929581,0.0026403734133955362,0.0037092241819177696,0.002732937719186727,0.011046155886039412,0.0037865181484937386
10,0.0007716022955169958,0.0009586357509204181,0.9763793132627835,0.0021945463495645244,0.0008171274195019842,0.0018388080352363559,0.0020080091115010266,0.000799310961638277,0.0010132900613549342,0.0002447475036461674,0.003954399522834724,0.0021865071229416814,0.0001193056733965044,0.0009748505847394793,0.00016456193588131865,0.0001692863139393705,0.00039838210406963477,0.00122608991412866,0.0033470500091894824,0.00043417606721495874
11,0.0012119137115620762,0.0035635528690984397,0.0028168550354540837,0.0032978473565543707,0.9268520968661353,0.0009844134888198437,0.002485079920905471,0.008428890073102043,0.00344877131797672,0.0009194837180835686,0.013742884762680516,0.002392662375118604,0.0004629291418341011,0.0030205353058253507,0.0004961636006272883,0.005814823708540568,0.0010936577329218782,0.003933501059909293,0.006494766966001027,0.008539170988849596
12,0.00968111555845643,0.004192213166976572,0.0033229922514575938,0.0075386686886384745,0.0024835151093675787,0.0020348431785485203,0.0027170658630798097,0.007732480306014074,0.002653421820841545,0.0005774818901822306,0.009077608605688557,0.0025565798687034037,0.0004899653652760402,0.0021423384504007698,0.0005392718460221943,0.0010858387824785062,0.0006149812183274695,0.9305224757780003,0.006008621312311851,0.004028520939228002
13,0.0010339879100015998,0.003823656115770935,0.00012890252563576207,0.9278695722121392,0.004778116553364812,0.013905070617525371,0.0015701999496787954,0.002529142012729786,0.005259368250822531,0.0018209182671644758,0.007468121417684698,0.0035200572405416973,0.0004209341556380603,0.004528393060303246,0.0006087333735585587,0.0007098992964755176,0.0014246352002474994,0.008169253140260513,0.006039092021550067,0.004391946678906844
14,0.007096212285539133,0.0006155556482710449,0.008395310210076067,0.0037062745572236017,0.004202657238982269,0.9225683027980935,0.0022985405157724403,0.0032435099123770965,0.0069571776473031175,0.0008733062203960883,0.008431734476803416,0.004801904853658932,0.00038499948245421267,0.003758194411427539,0.0004714526362299934,0.006510822763946068,0.002063377500329068,0.0028918350500725517,0.007310358422499215,0.0034184733685445994
15,0.0012727264844995287,0.0019422736723851215,0.0030453514341805435,0.002059178283507382,0.11303657030079044,0.0006956295353812803,0.0016269237883513913,0.01815609811165858,0.004018935992478335,0.0017846828968984243,0.6431485039677961,0.0035807489439502907,0.0004221640735282531,0.001908428083476325,0.001251859847979914,0.0005651041094787601,0.04098510527719892,0.01918076325569473,0.13791833514813842,0.0034006167926272416
16,0.0073707311378535135,0.0017905215288388776,0.001457786296694158,0.0008104955668922511,0.0011697159513727406,0.00041738862450779474,0.0061128408381132026,0.0007175123664019973,0.00136812184854574,0.0044950962996692335,0.004665534677357985,0.0026033375793946874,0.0005306262433537506,0.0011780444613244507,0.004252741214149615,0.6718399034936468,0.2839848394207168,0.0005691156552916942,0.0023987713628735195,0.002266875433001082
17,0.001584879253900431,0.0006617306848991013,0.007473762992818402,0.001412209820224735,0.0029863179534854335,0.9568001740497705,0.001718868873830596,0.0009640326682118867,0.0023647872014992475,0.0004039572797025712,0.008089259012328098,0.0011625892515466152,0.0003181160499119078,0.00176114283839831,0.0010568087390039455,0.0019106558717390913,0.0005549660279812249,0.0033608327866257843,0.003015964404790339,0.0023989442393316943
18,0.7815769574978008,0.00044216964604712244,0.0005266963299635873,0.003749951757660955,0.0009761634173369294,0.2054658633141821,0.0004882198420800316,0.0005433281947200126,0.0006270774336696353,0.00016833831988230047,0.002461440113340421,0.0004053267041476649,0.00013958972175382264,0.0005591833849670923,0.0005406976531856862,0.0001847508998375319,0.000199243143161746,5.344318674248528e-05,5.5915352829457676e-05,0.0008356440866907198
19,0.017689189809273278,0.0023872659225629297,0.003004932024915003,0.004067087517120985,0.004247344715147178,0.0014422702034431272,0.0011860455771545827,0.043360886370865596,0.0028298556646692992,0.0006039669553974959,0.005254209837295124,0.0020205341814909855,0.0005345090683072711,0.002763011205028009,0.0007877590473003612,0.001457297309265846,0.8948790470831015,0.0013294299260659301,0.007215005385339627,0.0029403521962557255
20,0.0009189219298208734,0.0009102380500265911,0.0018450739628704206,0.0016185640007960306,0.0018291099592939784,0.0013909782762787143,0.0019086911592722873,0.0014281308847210366,0.0017115285585941236,8.982867147214391e-05,0.003446727342387445,0.0022204677395463546,0.00043202401251012546,0.0016598736447611812,0.005764067374280378,0.0010767788968418018,0.001105520869444973,0.0007376508671362512,0.967393799736998,0.0025120240629473533
21,0.0023056112128935296,0.004738883727356061,0.0014833000183459332,0.00127982851579799,0.003538246476599024,0.0006853562217924049,0.0007349578005552929,0.4039442530247416,0.0014951517151628733,0.1542424312097178,0.004978268550001326,0.001958020026448727,0.0001124113758226661,0.0012465604056717094,0.00017273048463977523,0.0002829823987229899,0.00032505095070656763,0.4115797299399258,0.003333967107441896,0.001562258837656119
22,0.0013133787561001474,0.0016041426185089843,0.9317896937664519,0.020299227340221694,0.0021453003930166936,0.0038030202147961685,0.00396428542867062,0.0010827952253862133,0.002182687953168376,0.0005699536981812593,0.006412531446109628,0.004395256163476833,0.0016403342563041058,0.005107148758495446,0.0005690108097136582,0.0010258494870004613,0.0010176884445148911,0.0019445380996732256,0.005012391496045806,0.004120765644163986
23,0.007633324368157857,0.0020129922686994827,0.006201052808284841,0.0015378624103394337,0.016727048700078895,0.0008606304489330495,0.002279593660790596,0.15627478949816015,0.0029547805538506625,0.0017722956516360924,0.01279840024841599,0.0024127609979938723,0.0005893297746676756,0.00390996746077505,0.000641945600387546,0.00039485165275831825,0.009624230587739625,0.7641117269477862,0.005494804741073217,0.0017676116194713565
24,0.007890819123553054,0.00615876598404218,0.003990197483795063,0.0039006601631164225,0.004904053866918038,0.004319539262915559,0.003701835191757572,0.12372848798654236,0.005350068199247287,0.004883708182200825,0.013159049919757292,0.0038571096939083883,0.0014492209235026658,0.006288594193812195,0.001675095671373561,0.0010995935682336039,0.0018095016055069968,0.7863597395214773,0.011000204366901566,0.004473755091438138
25,0.001032542566346764,0.0040202728699370305,0.0031121523335516875,0.003820522732011075,0.00026842287702945713,0.0015815415428403444,0.002868577543248876,0.007682514325671074,0.004053697236079722,0.9261892442385214,0.006874086405235157,0.00318212862999956,0.0002779991016408689,0.003710605810000513,0.0009550474991972309,0.0047501837449949996,0.0012524821830183503,0.00979463339455481,0.010668057017478399,0.0039052879486428755
26,0.001197300169004553,0.004619595590490556,0.0049122237170112415,0.9100463400538851,0.002839788792454166,0.009135995562006803,0.0017191954160249937,0.001955344569187554,0.018642015171152264,0.0008291548636905154,0.00715387622543344,0.0022606401244525632,0.00039845740562949067,0.017357476220489276,0.0010250285895204892,0.0006360422621302217,0.0006323565890408197,0.005272969795212956,0.006792901692490079,0.0025732971906929436
27,0.052901430921480266,0.003024422116129347,0.0226444239930025,0.005498475872813779,0.0030524904033839267,0.04622756327799468,0.34067389583672775,0.14763284220412062,0.006994669746733547,0.06228586523575191,0.019932263677206997,0.007496153388243208,0.001442292679519517,0.006785007049100386,0.00803340920475622,0.024411522301434365,0.03555105053283605,0.18736681567639654,0.009405555995224895,0.008639849887143771
28,0.3319865935874182,0.0010351155362558978,0.0028904236124520618,0.004695438964834639,0.0013816544074094334,0.4764425865941251,0.00218934067267323,0.0004898209039857943,0.0017079518776934484,0.00022195164443997498,0.003752154339674408,0.0032386917045513974,0.0008818814506456786,0.003671879490202884,0.0027227508971184424,0.13249772794640494,0.02413747241654803,0.0017115803913169182,0.0031916105355901656,0.0011533730266593447
29,0.032274115679713486,0.1505772403886618,0.0011330105983987629,0.004022252974284081,0.0675322888698834,0.05045047673089403,0.0001654583727222656,0.00019309138238250833,0.0015178746939464717,0.2344198286459784,0.004759192757832243,0.0004957085417613745,2.8625216082640473e-05,0.0006331113387789001,5.893965914897709e-05,0.1766355413315302,0.2379976645842272,0.0004509466718365952,0.010855177248173737,0.0257994543137629
30,0.0009688381881914649,0.9365429472252234,0.0022735943590746935,0.0025210983636816,0.0008953998891551436,0.0019693928305488766,0.004762825518195372,0.0017375010491753344,0.003504165781415403,0.0007142583289207496,0.006545675412316068,0.003163888481530587,0.0005434771237778814,0.0035974000494352473,0.0033340212110418814,0.009507541226271827,0.0015693843401690972,0.00168180709016092,0.0034173718046871374,0.01074941172702753
31,0.014365830281894925,0.0027076576452717735,0.0029976296393060303,0.000966027398225728,0.003223542599668478,0.0003821307749354559,0.001476141961327134,0.0053861366789982115,0.0020003896319457193,0.0070756608806466555,0.005960251371320096,0.0014444999477850515,0.00037119654886315335,0.002081995763645717,0.00044707568518326875,0.029031586175355936,0.15153228362078552,0.7637608957362635,0.003318811810007151,0.0014702558485704845
32,0.005846372611937894,0.0009945082546556254,0.0016371272907830994,0.0017852715337245432,0.0013430797850797801,0.0006480524268256808,0.0009042756366188768,0.00217936752315917,0.002018072963563132,0.00029285086501982063,0.0031345877531607867,0.0008047052167819506,0.0002832555900404337,0.0015899647046295489,0.0003296502201433476,0.0024799877433341446,0.9681921824903983,0.0006234537749833109,0.0036751908019519316,0.0012380428132084955
33,0.007728741398884124,0.004041809293665584,0.0022497010599160554,0.005539355881903119,0.002507826535478094,0.003986225637720015,0.0034182164813653187,0.0036675817579559654,0.003577127514754255,0.09356611244598521,0.06775373247080106,0.00784697825335122,0.0010109026351607627,0.0018432029582802591,0.0007635359294765811,0.0009656978729245969,0.001563653583676367,0.7787924559813815,0.005085660777959125,0.00409148152936095
34,0.0027121191661559356,0.006107749415846154,0.006639991938671224,0.003393119701257044,0.004667080952763439,0.001434107618806934,0.008226451350631703,0.001957354899878032,0.008373101378104333,0.0433380405295002,0.8598093242178295,0.004920139806110478,0.002304741651689154,0.007327741821017994,0.0028290736326316733,0.005713070461397845,0.010892891635786916,0.004843515836494915,0.005604782117066396,0.00890560186836
35,0.48128317016770783,0.01611077917294621,0.0027410282385250044,4.441440835651208e-05,0.004289040111063002,0.2812379516056003,0.0013497146850785856,0.0027974119780162713,0.002730434744100991,0.0006253608726120242,0.00518490668524235,0.0026654863961483397,0.0013505996418580809,0.0023515783917031434,0.0006343210323875903,0.16417312394102743,0.016307038446863018,0.0026948332264457326,0.008312774691859698,0.0031160315624577397
36,0.02069958638010149,0.012018646949844954,0.006166502508632443,0.15382290183143008,0.018664803022104555,0.0010749643456198406,0.06121479070848461,0.11314311011662563,0.09451636771078067,0.002694394064729689,0.11290743561394914,0.009173549069939751,0.01615203638678708,0.16535611546573564,0.06000603305096992,0.02230601484904136,0.042569249541588694,0.00436457988607661,0.07379686348829605,0.009352055009261883
37,0.1883328713714779,0.0017621700139167015,0.156990903189589,0.011374612974935607,0.00730024093314445,0.33757795073338964,0.00247977195231892,0.0023734898451748332,0.005078679676231359,0.02267814332534461,0.10302669488604638,0.06377279110522646,0.0002347291891799982,0.003848055581082972,0.06782743598359635,0.01288843837384103,0.005313345592854023,0.0010498039829533682,0.003065739224773655,0.0030241320649226646
38,0.008863072295689974,0.005233822949948326,0.005219388537313427,0.006568736655074246,0.004690058896325223,0.0009604323061474514,0.004116706639529611,0.0033661721410715405,0.7821954155044699,0.0023577297700939017,0.021513531543256203,0.0003146283644996957,0.00035581280523227355,0.003399796489900707,0.13450547575774494,0.0006598422172504411,0.004167011562653076,0.0031643389802906135,0.004833390563087575,0.003514636020420736
39,0.0006857967580909746,0.006859206631588816,0.0046816323264240334,0.004411872607264275,0.004661806944552479,0.0022701870006662387,0.00233760492569933,0.0035268343777233695,0.005598069981278752,0.006896777455528806,0.00747525746191472,0.007123947717654733,0.90652902572612,0.00013685023688798323,0.0009115530760172062,0.018773811030275665,0.00022566213973510566,0.002648539310906307,0.007913442171814625,0.006332122119856526
40,0.01244426989425803,0.00688227867979636,0.002732473126621548,0.0024921749980007387,0.0037261029502405367,0.0019308365271279583,0.001877919188361933,0.003918998273035208,0.007290859649568204,0.0007846069811732792,0.009155099218304943,0.003046334865762471,0.0011029330657195571,0.0036565891491412085,0.0013605068634927175,0.005994612121342421,0.9164317119253717,0.0019663002278572706,0.010138673912708788,0.003066718382115245
41,0.004486872701845278,0.0014446615133291716,0.0031973961838866844,0.0013510970998090485,0.22755685532890665,0.0004481969892984434,0.0020187268791669465,0.005961002663310158,0.0022058149756133015,0.03612236703655436,0.015756678464614152,0.0015629962851835735,0.00041073408293726,0.002266897109495015,0.0006350167904616115,0.0006301094442648831,0.0019220919039300605,0.6831605483748768,0.004430762351443159,0.004431173821073368
42,0.0009526047121321536,0.0020276827560144085,0.9384511350134059,0.003216659940288397,0.004357849077209715,0.0051295020003217714,0.0011458989838263026,0.0022314347990818172,0.003117707005603072,0.0006117143389113244,0.0077776581003568615,0.016008949074459454,0.00042087670006474753,0.0020811133007142472,0.0005846082957348774,0.0005070779388285045,0.0008230329876861333,0.0036459616227377213,0.005205857472158575,0.0017026758804641249
43,0.0012210817265118404,0.003734814159097107,0.0033123509203742216,0.00329865324768091,0.00954547837744195,0.001841832716426875,0.011759407256171786,0.5394713985101801,0.008540665910693348,0.2691711193527827,0.07586030162908416,0.005265825805845507,0.00047207485606531245,0.006450535160989506,0.0030732125531653604,0.0008496468850186182,0.014750317969881818,0.027454871916974568,0.009446613550611146,0.0044797974950032005
44,0.00524963419679198,0.0025677150061719388,0.008643449054000817,0.9277121612098893,0.002416167481508541,0.004019419548524748,0.0014545721961525119,0.0010428900535760348,0.008170650470721248,0.0023104506231646483,0.011579948113817656,0.002196684751108042,0.0006973707463887758,0.006717840972808315,0.0008295376428889856,0.0006237202636584394,0.000806399170266526,0.003243158138186833,0.008020342894273894,0.0016978874661007855
45,0.0020809519292138397,0.006658539107804709,0.008034692559517973,0.0038414720534053594,0.0008522665381996149,0.0018292833155766823,0.005698969275665787,0.01917352747656954,0.0063966238935441845,0.8732052377056181,0.013723474535669184,0.009792830498132524,0.0012888279242714205,0.002755709861252018,0.001043008411165736,0.01318836524240993,0.002493459334127611,0.004543077787537447,0.015519796017841012,0.007879886532477402
46,0.03833701517335822,0.004009366614349638,0.016853814924355545,0.029901832313359453,0.006476825077561337,0.013152808886293691,0.0023192676960278056,0.013523297408503457,0.004236723691659215,0.0014797661360140307,0.010407992344867107,0.0038587638391023703,0.0003748180311997741,0.004388416218445443,0.001341870635836954,0.02428597702413484,0.16090059220886574,0.6494954116938838,0.00858102093837784,0.006074419143803705
47,0.41157536571170866,0.0009383906690027955,0.001214413061818524,0.0008833163551058673,0.0010903929920774132,0.09194850989281349,0.029608545512901582,0.005838598370958413,0.003451406692817272,0.025420602721241137,0.19222471747043518,0.0014619924154934923,7.230337814083427e-05,0.00227931024746714,0.03244822700096997,0.01741324742337735,0.1063400622123838,0.06349683357099124,0.0018167589162870568,0.010477005384009017
48,0.10199849069271555,0.008549755341957057,0.00439306304861909,0.004736030226533506,0.005834826346544406,0.0018623081228729516,0.0018061447714291228,0.005624446164666802,0.0025852088170379684,0.0055744693474300945,0.022878758254373396,0.0048748228036130025,0.0022089835386182107,0.0027283239619383267,0.003581152589881529,0.04260920558282476,0.6970738122835217,0.0673282234559882,0.005730213533586786,0.008021761115847603
49,0.005005711249694307,0.001892147965676173,0.002415287945993066,0.0011254726055236587,0.000762938378840623,0.002159503442747888,0.0013874031252009485,0.15877678984906257,0.0036289869371760927,0.0019490348134540898,0.189802398525365,0.0027718377809091204,2.923379511359294e-05,0.0004958325153509575,0.20241678652489076,0.14549457930897747,0.07312583082889372,0.16897026191476364,0.00821219574025584,0.02957776675211049
50,0.35821870122474786,0.002390850876886467,0.003029841639864381,0.0018985142230254447,0.021902928772493255,0.0024401118132501643,0.0012457887075730935,0.002571063963160379,0.002188957521180306,0.003948153854048501,0.007340634906735189,0.001762536047293166,0.00011798844334813417,0.0013194069734830305,0.00040685990981403615,0.0003342125223803581,0.001173533672266153,0.5830954687893399,0.0030331407101349727,0.0015813054289753584
51,0.009040566617804974,0.008885501301715813,0.005360653601423223,0.006903417923550298,0.003733072336293053,0.02259051166786577,0.030303169791088547,0.0020843578047515694,0.005759912957505734,0.003275730317872622,0.02019203462406743,0.005842523533126991,0.0004916370724090934,0.004361844709536285,0.003399140433978669,0.7272512862120684,0.1258613018728628,0.0026986153653977972,0.009387930611936922,0.00257679124474399
52,0.0008173713645790526,0.002965447610502658,0.00949671870683218,0.0019686473010527305,0.0012838440273437062,0.13352577887700615,0.04916495878456249,0.002865455131610583,0.0014856404282816863,0.0003042682510800089,0.005370936876893984,0.5475352461316924,0.00018546371245026897,0.19304317044374208,0.0006541136554920079,0.01171725236550933,0.000521354569503286,0.0011003425897798999,0.014347495967698215,0.021646493204387413
53,0.0006593874023421594,0.007426717398133022,0.003090767002129864,0.0015720036049747077,0.0030862959081144137,0.00037423321154515587,0.00144745786492573,0.0003930445366227713,0.001815605582248844,0.5037435665777911,0.45854701296575007,0.0021670402946664725,0.00037607304228242614,0.001353643926894813,0.0009824118310027248,0.0005689982124019698,0.004460457066734706,0.0027998663086034833,0.002328135909783923,0.002807281353051818
54,0.9451977177278178,0.0017780523428465166,8.923636849389531e-05,0.0027877589941644894,0.0019650692373387583,0.0018247914619791681,0.0033824970401940702,0.0017651523712427343,0.0028682417088680156,0.0005458780587937137,0.004511408320666415,0.0031338362809793865,0.0015015323455829792,0.007043219194206203,0.000507064446929186,0.00014874200794174993,0.0059957609713189005,0.007230432348309679,0.00581726639167383,0.0019063423806525211
55,0.04736361087132934,0.03412702262376017,0.0007623936328283188,0.10548555797102604,0.0008825942601567163,0.0014848501348418857,0.005091938897618918,0.0012978822852710444,0.003942249261489884,0.02092111646300386,0.005974087110061987,0.001168335434834374,0.001085843779192209,0.39658358521866843,0.0019590457385843542,0.0166434347531306,0.31559233991109237,0.033668528685119783,0.0009163596618699147,0.005049223306119831
56,0.01335447780200258,0.0012666086982908145,0.0019033283604445686,0.01467344425286152,0.0014985713324708778,0.0007923155691466731,0.0016852417724681032,0.387960826059306,0.002511194467510773,0.00030888480512294113,0.005559742889437078,0.002622672642486089,0.0002372494950842054,0.0017255581691744564,0.0005304135685708133,0.00034215825074101455,0.0013829766010227556,0.5554730827830194,0.005007570597664906,0.0011636818831743413
57,0.01072548314922624,0.0033798753127276503,0.003759624767879389,0.004139603685861008,0.0024431164546806832,0.020272263126322892,0.001783227398924101,0.003341551243307134,0.026299258501404753,0.0005616932037297168,0.007295848743978321,0.003286430562479722,0.000640345216844932,0.001983576894860403,0.8981231626484851,0.0009332865518913817,0.0022277636315635022,0.0020988975494382147,0.0039287112537444505,0.002776280102650515
58,0.07168051447782946,0.001599046214219793,0.028839008554799594,0.008861830299826907,0.0033138255028557473,0.03256049964999536,0.05079325526641504,0.0028160394250801852,0.001226896678454156,0.0003294801751582974,0.002035259462753764,0.04932386368547712,0.0006249745405461468,0.020166609326495076,0.0007209305209995937,0.6624998778286141,0.03746845266169185,0.02016448215842816,0.0023327093616954497,0.002642444208664484
59,0.002053664898780044,0.009010268594198392,0.0038816149585943326,0.0026617403960240526,0.10421803759876577,0.0011443073853786288,0.0069386245337219165,0.0022508513117793253,0.0031938958180105013,0.0009257617831982506,0.007050732872337998,0.006786754706729442,0.0007462401575713713,0.003158047633754835,0.0008497443826405122,0.0018007173536863004,0.0012461101833750176,0.0012785263893353323,0.005066381879434591,0.8357379771626835
60,0.0008158729656237814,0.9249469136240746,0.003746762167725206,0.0027014759702953407,0.0011144617493946993,0.002145498184507316,0.0027805844578309958,0.0020695776499847396,0.004169312356405819,0.0008964109903588037,0.00562895063901849,0.0033864504973917737,0.0007143522104643702,0.0030136469870499488,0.01832901328032938,0.001853146571815895,0.0017090320309741825,0.001121776147772625,0.0029205750674202047,0.015936186451561814
61,0.0008669826535880798,0.018805805989947886,0.0038105535627167065,0.004472684522056767,0.03430155359719058,0.0016231169126970236,0.00915971616312689,0.009409233799103625,0.004831197486954067,0.07400922549619722,0.011520137524798746,0.008348041501730893,0.00020692771339251943,0.004411806427307101,0.0015668321234454693,0.0007857554018626448,0.07931241278700724,0.045589018782474566,0.007311217175167961,0.679657780379234
62,0.0442762862768664,0.02870238324816087,0.07230443683368529,0.6592882813289425,0.03551862755206621,0.007197578987808415,0.006524745988411861,0.014571208904481507,0.013208636879787329,0.0011782814691695936,0.020618339056855995,0.008220948004235763,0.0003283273228047787,0.012190374719894698,0.001423243277807979,0.04763139432158926,0.003960560847230622,0.008116467740950322,0.004971394713241894,0.009768482526008686
63,0.8402112545198136,0.0076715190287446056,0.007928397117442632,0.00028332170665238847,0.008719562208360556,0.015939906787024647,0.005531041143583338,0.008235257261578725,0.00893415923440045,0.003497841155045372,0.018632999447086657,0.009410094142989338,0.0004819463992339177,0.008211811041853725,0.0019755479367196413,0.007917573646761824,0.00523412344178437,0.021735909896990875,0.013348196671213737,0.006099537212719573
64,0.03533240859333725,0.002090692768068164,0.002462119761733905,0.004946676821299601,0.07361864016497996,0.008015902189604959,0.13529247773471062,0.0020329218970648734,0.017315889117409153,0.05227039734709054,0.006493089220917767,0.1590897787393148,0.0009957551226634968,0.021394673415773467,0.31060210070443284,0.13476220622902224,0.014976394732551074,0.004638387730928223,0.003094175875022267,0.010575311834074735
65,0.002084889152525503,0.002288085808859912,0.0014458042031621457,0.0014115601597406166,0.0014066836867495554,0.0005462921549138568,0.0021601244912386234,0.33283158553866643,0.0030699486094782485,0.41106339209854836,0.021313326058951164,0.0015216247249526828,0.0015953574925175345,0.0014568005587440023,0.00040719092508788985,0.0009104222351604959,0.007225885294311067,0.20359026025457339,0.0025497561897053424,0.0011210103621132792
66,0.2258723929839052,0.004968261393700263,0.002200752752896397,0.007675882055162912,0.008180647256743093,0.007832883474024823,0.007452568285331015,0.05101221217935358,0.06669811730476714,0.017965974045062744,0.004806545592863452,0.006650196237581387,0.009339240625781184,0.0017180745892041503,0.02812368908323143,0.36738914929033106,0.010352455289984054,0.12441622891452173,0.013511430887011396,0.03383329775854281
67,0.059571809438048386,0.00309589948467423,0.6357950204967087,0.11348965771597361,0.003847588369577819,0.011388493073949277,0.018294022957182635,0.002411143278191023,0.0034262553901257316,0.029749542470736898,0.015802309195477073,0.04005194425506566,0.00013039673005358385,0.006043098340818741,0.001453974704119212,0.025850339938406196,0.0005162216953693081,0.010779114874015696,0.01743603578526716,0.0008671318062389938
68,0.008176872830262036,0.008602107588481662,0.0022364452310417054,0.0010270770763850386,0.002463028796673554,0.0003384359642904413,0.000525041566053556,0.05467421129354905,0.0013966606822840093,0.02451714916389589,0.19328999891825607,0.0010651961319509153,0.00013829617981964032,0.00374805183314317,0.001764500342110366,0.030539349892512526,0.550549449195057,0.09424704901458522,0.019761436834284187,0.0009396414653639289
69,0.1045134210451191,0.1394359511998681,5.298244611283403e-05,0.001036269550867554,0.003139264320825454,0.010402080880431812,0.010514827838773251,0.02241689142232938,0.0012845367266371608,0.0436924433470102,0.011583699984960706,0.0053473804600093905,0.0001327925623890317,0.09885118715968766,0.10381610703427897,0.0033149903140005485,0.024659757492659456,0.39717581333466184,0.01279737112977977,0.005832231749597881
70,0.0075648747112407565,0.007014485767833243,0.00838029796763392,0.0018537422584457913,0.004646109551612716,0.001580923846795666,0.0029408244384535966,0.009970260544415148,0.003323348985898428,0.003060081293567351,0.008999612534767639,0.007020960279935308,0.004139789741518439,0.003117297778288129,0.0007222709528381675,0.8194607277060056,0.049575331485180424,0.04550691463018432,0.006911445569283128,0.004210699956102071
71,0.028997923212630172,0.0026011840689832864,0.6741577108910987,0.1628736259854885,0.003239022780723655,0.005627766289843094,0.008755396058969231,0.012318079597959828,0.006961861660513904,0.027803061493868037,0.015480247515585554,0.01928448075562678,0.00044406301842037435,0.00661795463185702,0.0013303097624457047,0.006050132998135727,0.0029450777706932535,0.006519728958270265,0.007800345677362981,0.0001920268715241386
72,0.07452287550166174,0.005997306352876357,0.003019929422655667,0.0025046635096459486,0.003815951614838853,0.030274935450068527,0.003323384677671999,0.0031586743203511876,0.0037917981440961216,0.0007096676574699025,0.0030486524426380766,0.01926100484394924,0.0008547028273379367,0.004306822486336275,0.0009697742090267276,0.8169764442530055,0.014642249067297254,0.0013111707721987222,0.003573126397224693,0.003936866049648924
73,0.0037191892266491824,0.01413997338176765,0.006455670512270764,0.009700923530183387,0.006448731511949458,0.003051415825499247,0.01631316248119534,0.007258087581128148,0.3001180786254639,0.00264496879474207,0.012476971769761206,0.006402894317418333,0.0014978031400202188,0.005657496143815755,0.5770417319781129,0.0013323166455182771,0.003242082656603671,0.006026300192084923,0.009460169929560436,0.007012031756254967
74,0.002033473454944339,0.8995166157403721,0.008414166593144562,0.005854459855779523,0.00043409940593904563,0.0034956956649038213,0.0038885762069476295,0.0053815262857605465,0.006642366380329445,0.0010675395974895675,0.010507395303927546,0.0031511194897140345,0.0006235610861586953,0.006392881742938804,0.007456173493973259,0.00412549045009426,0.0016032477153811603,0.0037495696021971887,0.012861777360356088,0.012800264569648242
75,0.001429008072153417,0.00548195928116237,0.005541165770060342,0.004653898104104724,0.008445124063574125,0.0019343850942239635,0.00139064185590062,0.0036695171219670816,0.004837815181382193,0.009629844560763013,0.011620724234882286,0.004819759241641916,0.9121897584018757,0.00013392224469195878,0.0006622650367337688,0.010960961600523175,0.0002837021756844318,0.0016513369931811929,0.006283690332699479,0.0043805206327942915
76,0.16642610499881424,0.005158217105307387,0.005409177378688101,0.006953203257173145,0.002294079600445887,0.004947392806065305,0.002375376925454245,0.0031019021002272576,0.0012153910268585795,0.0005334084991693642,0.004801306617940938,0.002844154806607181,0.0007459383952520745,0.0030995168042631336,0.0017355255414947838,0.24662452532721885,0.5233473277439459,0.0034689703265834457,0.011714324930512707,0.0032041558079774117
77,0.00801728806719906,0.003655809367853884,0.00414623946486015,0.04334699969404369,0.0036183905396689124,0.006690072023151745,0.002726673265303047,0.00274596038172073,0.0022334667417707745,0.0008374716403510427,0.025042617988373976,0.017846122063669183,0.00013710050316088508,0.8593430825537893,0.0027042772839806634,0.005316940085893258,0.0006589574898213812,0.0019860817980149937,0.005828480233950022,0.0031179688134234094
78,0.000721049640495245,0.000963612357696348,0.003493880527215468,0.001692462760528867,0.0018988265926967727,0.9633501320841658,0.0010711550059987137,0.0015404873223954856,0.0019271835853967778,0.0004602550058684611,0.005554507119500581,0.0019087269196259044,0.00033383506145903306,0.0018099026316767785,0.0015527289804226445,0.004367385212091898,0.0005592591575272274,0.0012340036429344726,0.003494552083423718,0.002066054308879915
79,0.017023739248962045,0.015759250260755517,0.2477386873571761,0.5044646444032131,0.010327775947315905,0.009214083640237207,0.013657988704645227,0.016898701636318923,0.003144153734569861,0.00275413382480109,0.026282491547724156,0.02306148194032064,0.018293464680898104,0.011302245066562529,0.004915841753061782,0.012080228458357378,0.014054087444190328,0.008744603240398599,0.030366486545215225,0.009915910565276013
80,0.3744410101084336,0.012980537228580497,0.00011059874369691315,0.009521413940831357,0.016048566271455234,0.35368454864882537,0.0066696769422699195,0.016589426530675827,0.02782991622896926,0.00544386581876464,0.018814151273578668,0.029019734122816252,0.04415400036725884,0.014246823700871908,0.003228476011587416,0.00017496873247142543,0.004988811713711339,0.019320538576082083,0.03214787326198187,0.010585061777137802
81,0.012219910260950276,0.018345299866183752,0.019510777792477545,0.015535470094464394,0.00899495250326912,0.04638062925206638,0.09618230378595466,0.021153678078233856,0.010957872233063597,0.2384337001849148,0.019749374006939435,0.02607635280786725,0.0007854104191978405,0.0049215693157688535,0.0057226828185644235,0.017530002089956136,0.08271292255011015,0.01602337499088239,0.005078162118876979,0.3336855548302582
82,0.0016799014624415177,0.008459084822991673,0.0070984789726450965,0.004163332406057525,0.014691118941009558,0.0014065611388202979,0.0607370463837335,0.12577041352043444,0.0068117375831522045,0.7205373849019173,0.014359568064983922,0.004232870236188306,0.001145594708124778,0.0022616284147632254,0.0006976515839939451,0.009045216630300393,0.004189494857410095,0.0029795285834070904,0.007203276776736309,0.0025301100108888136
83,0.18223366427340457,0.0007855296637568682,0.18081534715322678,0.04985318911992856,0.0006452983952734835,0.30759811359718237,0.004944226204058288,0.03058262888489483,0.0017938153226503726,0.03140408903889327,0.005155024485497395,0.021748318087083766,0.049446999664374054,0.027092954238285047,0.000983988912504514,0.0194613740640412,0.05701522751777998,0.024937537603485247,0.0018646384917661444,0.0016380352819133082
84,0.01838535710612649,0.005621319423963184,0.0038169861538268845,0.005934618099088392,0.007538269206123667,0.0431186619743661,0.054658796761380926,0.00922272300233742,0.3608114406049214,0.007294550051351199,0.037085158525770705,0.023692073358466487,0.03128291029663495,0.0880895764279732,0.23494744622470004,0.027939007280189512,0.004650069519184134,0.021423652177168774,0.003384075245680991,0.01110330856074548
85,0.0026003365158547838,0.025142337157715047,0.0022558113103710218,0.006387417689327448,0.003057243924994135,0.005876212388628866,0.00945363233936762,0.0017169229731549074,0.0005044115780773613,0.011044729087655582,0.38559619183589894,0.009724913333290714,0.00010518372073005101,0.3707227830873001,0.004173721200815591,0.01684773560768752,0.002032310478021594,0.13322985921552633,0.006628211659348582,0.0029000348962338563
86,0.0805925172871353,0.002263678788981959,0.0035392917524825177,0.010680368743600323,0.0013818773748504609,0.05402081399264612,0.004649535460778454,0.12216453242796152,0.0035340689745710888,0.03384799433904666,0.006037847212167393,0.005632892022948797,0.06692331873298864,0.19999458934122052,0.23804799005926255,0.14018170049564996,0.009309364592981982,0.0014282300860272584,0.005232211447096276,0.010537176867602216
87,0.002923171478927432,0.004494450446025985,0.5863295581945075,0.04929781995780328,0.003402612149707604,0.02554017322322473,0.0035832937857980954,0.002955578625799618,0.010570208674978753,0.0010213609192285611,0.010302037206533943,0.08893939171915555,0.00022636365568395498,0.005324985942183616,0.00222232062814558,0.19092260980295217,0.001268619940064621,0.003525009442653425,0.006643910813384375,0.000506523393241066
88,0.030744650895875462,0.003927219137295218,0.002266036607894433,0.015560135454932093,0.00318519890632162,0.000880039895677187,0.006880947725289907,0.07543979766962407,0.026168787424339056,0.023051713105409998,0.018900159988170788,0.17923475282928944,0.14228534967318424,0.014839216255870391,0.012506222291252951,0.15763891212147949,0.15063363002021257,0.0019562878838811784,0.02000366538902169,0.11389727672497847
89,0.20076933607415404,0.011139565840583685,0.01646720515810807,0.09928343956728793,0.005552117597311417,0.0033565911871493784,0.016180607035634977,0.00401064901851659,0.00039811334099395477,0.05122059072538325,0.019159875998729665,0.012673435745955877,0.000907625134388215,0.5083009137806489,0.009999645843120323,0.00564416244035411,0.002846144124385521,0.003299420012840811,0.02159640643687277,0.007194154937580551
90,0.005040199166683392,0.025727647266907062,0.016912647530767908,0.008723011119679632,0.007850032806827107,0.006898545844948896,0.02426215506848928,0.006828826317988522,0.00959737680337509,0.0034624958439195856,0.026496767769572573,0.02237618663746357,0.0038063272456213344,0.008401520579682487,0.005785707448991329,0.00967465076498219,0.004751237378683599,0.007112276189504491,0.032158825351339605,0.7641335628645723
91,0.03278242767722818,0.010816590207564635,0.004782819005662548,0.0029677609887134976,0.08124662462861625,0.0006348978867074117,0.02255001821434313,0.32666345985388023,0.008942399533199696,0.16407112099223548,0.008870625242965283,0.017530015082976764,0.00012307761476426218,0.0014976182886474846,0.00043232203652712145,0.0022698651434673684,0.010062791042236187,0.29689165045791843,0.004822472176468283,0.002041443925877779
92,0.001518289315795559,0.8741464223139602,0.006249000981158504,0.006542853147513634,0.001751917256274366,0.004222699010463499,0.005315184366006268,0.0035747574391759617,0.0075389618918970175,0.001999111246165377,0.012117645240829764,0.004416183051579401,0.0006370290628540978,0.008317252271818966,0.01049465807263013,0.006721554451331955,0.0014317261235985103,0.002633601077265736,0.020095739877029895,0.020275413802651136
93,0.0198243431391164,0.016936973378330132,0.005806432871568587,0.021190843193486193,0.011766561317904442,0.058829192749540474,0.011798529832140508,0.0062980241462334205,0.6373529118351231,0.001061160105411652,0.013352614857298106,0.00885661162246974,0.00020432136406957555,0.1427315077439698,0.0036792105778228707,0.002086815657260201,0.020160894070877112,0.0023202816093487654,0.010446594441387192,0.005296175486641743
