site,wildtype,A,C,D,E,F,G,H,I,K,L,M,N,P,Q,R,S,T,V,W,Y,labeledsite
1,I,0.0008577958451265478,0.0018558514146169757,0.002893010910844501,0.001891396551435358,0.0017404226621710321,0.0005979243863157437,0.00041073165980117253,0.16868778856893793,0.0005168755515425845,0.0006079984498708917,0.32837399615172447,0.0016965668272056155,9.205326357826862e-05,0.0026891472266405013,0.00013336937274966988,0.0003665044917808305,0.39680508673920883,0.08330910701779613,0.004720651582546435,0.0017537213261064077,I1
2,R,0.0012963479893282502,0.0048337486542060866,0.005964451784399111,0.004646587138179687,0.004632054744900549,0.03006674105613753,0.008016332645294166,0.003785268197206078,0.008241833927601425,0.0013980785420608804,0.0058718366748611904,0.006344086659800947,0.0010877360468266265,0.0052362549068067175,0.8660032257137337,0.006845024543573727,0.002795832645904495,0.002725978352510758,0.022774210745174585,0.007434369031493636,R2
3,C,0.0007408032271147068,0.9389184303833549,0.008279536027915894,0.0038965946759399045,0.003970482336216866,0.00151569989168207,0.0017177136504256093,0.0017057845497539842,0.0021952818981839425,0.0004319247962574298,0.004200497420084809,0.0020375410148991075,0.0003842247717041622,0.00243892178629273,0.0016864611270014664,0.0030504339337741574,0.0009426908666609126,0.0008373655034842034,0.0028430085691642597,0.01820660357008905,C3
4,I,0.0032633510610987175,0.0071616565248637685,0.00984011498978396,0.009682152806097808,0.007118411323546323,0.004210703502354731,0.0036820792385185955,0.6913090946131861,0.0036810803599448385,0.005005369247003859,0.04742638922603486,0.021107282108442763,0.0012721485450952286,0.006669239984457149,0.0008665997244713693,0.004247030250898691,0.01066922748611073,0.1426522186894027,0.014268135866054237,0.005867714452633579,I4
5,G,0.0012258011559896217,0.0017809197385139906,0.003105697673153744,0.009832729057927639,0.0018757023091329047,0.9596396360937741,0.0012040888903532727,0.0007447446714080921,0.001499257480939684,0.00025514642090717986,0.005925975828526865,0.0014752426540588094,0.0003582466955429348,0.0018858031158393597,0.0019157044241826687,0.0006457810186549839,0.0004127414381449396,0.0021090041276784445,0.002512988977447349,0.0015947882278236078,G5
6,V,0.0060823727525618635,0.001665307364865867,0.003040132851373038,0.003094675414340934,0.008391286218407498,0.001636257671928986,0.0007091397581341973,0.3982737438617121,0.0011104098668090917,0.002021734906729909,0.004248828135860453,0.0011355818231730758,9.477667131067545e-05,0.0013754634120327104,0.00017083222241160353,0.0001893074554421737,0.00035040570887412566,0.5604051172636986,0.004657823877712371,0.0013468027626206336,V6
7,S,0.05858413312417048,0.0013873414385276838,0.0042630890642253285,0.013654056329929425,0.0007440080753199999,0.018245918160526852,8.334057556544497e-05,0.0006840104956044379,0.00018837369098911866,0.011389593508231632,0.02358486135596344,0.03979940680819664,0.04560689951311101,0.18350951329138346,0.00011454876274452893,0.047955255032569435,0.02229438052169164,0.00018084072879272177,0.00037117048342436416,0.5273592590390324,S7
8,N,0.0020920228500956074,0.0025150359114661965,0.04370574573068048,0.005046459970310625,0.0019771347658339975,0.0011900101067900245,0.0010955162250364044,0.0015362676344827365,0.004501335553331815,0.0003029632760007014,0.00626736491621984,0.9009457800490264,0.0003638521962017373,0.00268422513606613,0.0004096559525530071,0.002742838538517709,0.011713880878668015,0.0012311022526927946,0.006023083533861935,0.0036557245221639193,N8
9,R,0.006742006972320093,0.006057677554565685,0.005795938576885532,0.005783663639289212,0.003620198126888243,0.015563370452057669,0.0028402262992451147,0.004117463688530824,0.008468400152666103,0.0009878464348466026,0.00887412228602308,0.0027896703224069078,0.0006158928384400432,0.0037963724552879893,0.904415138930655,0.002302198445342391,0.0030906719566373966,0.002905571739258148,0.00790229906475206,0.003331270063901855,R9
10,D,0.0006585796411707385,0.0010774356425955203,0.9779364372963496,0.0024065130161715397,0.0006589785050344153,0.002107511279818085,0.0019179823034990281,0.0005367260122950595,0.0008117894518224803,0.00019221759770964472,0.0030823476843052007,0.002310612816297348,0.00010513054441465496,0.0007077142722118824,0.00017753122099497588,0.00015661634936293292,0.00035584566050081185,0.0011861298036102484,0.0029382462927730743,0.0006756546090626474,D10
11,F,0.0011499897711074098,0.00807181524317664,0.003105160870565519,0.003783467593848679,0.920344448469091,0.0011199973154950216,0.002147926424177404,0.009238016252237753,0.0022597910644393303,0.0021337196998008397,0.009981974571685223,0.002905706293757012,0.0004549629649004119,0.0030612994864643106,0.0005867736167917135,0.005968472578496882,0.0008457608062855187,0.004940362484801817,0.008630985456403225,0.009269369036474115,F11
12,V,0.009399173147449433,0.0030679979172155893,0.003347046013158956,0.00743219316029595,0.0024812819760416122,0.0016446483005869287,0.002102340068871621,0.007721049108405668,0.0017950874494480668,0.0008893471306365094,0.01962179806674917,0.0025214075906015406,0.0004334688329346428,0.0028713456220515205,0.0005145794257428967,0.0008198719560226881,0.0005581588945520221,0.9243827871305792,0.0056451645254258906,0.002751253683230053,V12
13,E,0.0007262291972795966,0.003394338850304972,0.00036474370284142184,0.9358134212380963,0.0031576948839538805,0.01310310192585048,0.0022239544928094246,0.0029288604534246704,0.0049945472572855846,0.0015094334980933518,0.005092577459477478,0.0038179205537161192,0.00043623766085378827,0.00313808820048759,0.0005452943594710375,0.0006550603197499501,0.001209236613200675,0.006610934245615205,0.005290781318484509,0.004987543769003983,E13
14,G,0.006038979663028989,0.0021042460653377206,0.008836690569500238,0.0049366381545471955,0.0038206485778999938,0.9269873471735345,0.00196103529806073,0.0025616341212259643,0.005161331291155899,0.0006091650190677434,0.008712292423364843,0.0028501067384043184,0.0002874507581640343,0.004163674335125488,0.00038268724414912143,0.005253974538492646,0.00161108506959791,0.005392595067708925,0.00591539075472022,0.0024130271369133824,G14
15,M,0.0007655505718988992,0.0021679562216822446,0.00235008105312121,0.002074163691536923,0.0927813496016282,0.0006230859096912842,0.002037156508207498,0.02655911533679897,0.00262572858986753,0.002164658751400331,0.6953091792042273,0.0031326561548155546,0.0004839761648536248,0.0021450210705510355,0.0014302167631960636,0.0005455097931200917,0.05198832219830733,0.017700071319779943,0.09099924193739536,0.002116959157920672,M15
16,S,0.007945371980338956,0.001332208848136408,0.0011604663335217401,0.0006855330759402282,0.0008067408822774519,0.0004732869048272329,0.005798701537215996,0.0006097966825827038,0.0010398518883724588,0.004550608393667051,0.003953117719741758,0.002003363210259832,0.0009193607306687705,0.001206641218441251,0.0033040791053625955,0.6807748715098368,0.2792261067239576,0.0004906579677297311,0.001605068074471782,0.0021141672126496294,S16
17,G,0.0012622532694272588,0.0019753400009698088,0.008083035971208422,0.000985886143522767,0.001834450304669033,0.9593911869373856,0.001507434980012942,0.0008878887707326692,0.0022289915203029947,0.0004578179692191764,0.005970920441476762,0.0013945584447661702,0.0002676485192923975,0.002257558176303758,0.0007475307683625224,0.0019349931457046446,0.00046216508955681135,0.003682131260348389,0.0027875948595499933,0.0018806134271880486,G17
18,G,0.8182186993590707,0.00047556036796795394,0.0004641760293331968,0.002703967300800937,0.0006301425953246493,0.17095648926381982,0.0006920103875581586,0.00038536423878293366,0.0003471956933289559,0.00011018972271368707,0.002191940671437466,0.0005020031779428431,0.00010673268103642348,0.0004510583391905722,0.0006273062492448073,0.00014265468591811946,0.00015401874226406268,0.00010204112800257982,0.00018276362572592633,0.0005556857405360846,G18
19,T,0.01691287466576947,0.00251006858971374,0.002274999572872542,0.003215718277068558,0.0037414342488349575,0.0014762528008251845,0.0015435078570878796,0.0302533814156553,0.002677319212006965,0.0005626136979777895,0.005331399633848719,0.002492439798315593,0.0004447573916271687,0.0025720020079832728,0.0010039337021369636,0.0009882403090886907,0.9121514589629459,0.0012061259530266079,0.005605927760423782,0.00303554414279079,T19
20,W,0.0007043275793271971,0.0024806183181844328,0.0018102886714771393,0.0015575667596320164,0.0017321238337331113,0.0015791405874530698,0.0017264387439825234,0.001138158595716617,0.0014309144034950637,0.00028369684811062855,0.0029792708136833672,0.002267178407701146,0.0004335711187237559,0.0014867715701339034,0.005800899044684448,0.0011320916477797049,0.0008110924660356793,0.0009063913189999543,0.9673098414724305,0.0024296177987156576,W20
21,V,0.0015797667994026073,0.002437814652942697,0.0011045390169773335,0.0008561536523214684,0.0032507458472166135,0.0005064519227909533,0.0005196053108986504,0.5374300298022842,0.00112989794715488,0.12714469648218357,0.00514113281543444,0.0010671346524785026,6.815811425725277e-05,0.0008138809461625409,0.0001221089131381476,0.00020200949180631817,0.0002566913791577453,0.31295257913452834,0.0023200360435924666,0.0010965670752713444,V21
22,D,0.0012801219454704536,0.0018138559289095006,0.9331006509999937,0.017793823008887866,0.0026690469684008352,0.004041991614134808,0.0023447074573277925,0.0010325416788688863,0.002251194669485871,0.0004687384527943622,0.00541058364531128,0.004900036124038881,0.0010912707924573507,0.0045489173634706255,0.0006159164809646825,0.0007247516993783307,0.0008606575093994843,0.0012973119924341101,0.0033825403348909312,0.010371341333380218,D22
23,V,0.006338092294555044,0.0015314747646614957,0.006251330871814381,0.0015726298606412222,0.0164731991997513,0.0008304664078052938,0.001941109827389117,0.15919721705668358,0.0027071928614588385,0.0015394712868812054,0.011334596810020692,0.001982315223713067,0.0007006126364499823,0.004247518439868959,0.0005741855873755027,0.0004134549966475421,0.012612192666017895,0.7632651769596196,0.00393018934868622,0.002557572899959007,V23
24,V,0.005177566938150197,0.003069368936450413,0.0041108845266329685,0.0030291070160050663,0.004596027384319113,0.003937325389175194,0.0040157333210831215,0.1585879278717919,0.004541253762401015,0.005091457431759812,0.010326437785777956,0.003567066127505353,0.0015048230398452573,0.004710345899321983,0.0013406362539879698,0.0008855018066237559,0.0013920674095693013,0.7692230452762254,0.0073572384455279196,0.0035361853778461557,V24
25,L,0.0010834427250953794,0.002835629055861892,0.0031357901349434738,0.0034311069209108603,0.0011580932635846361,0.001818879076204951,0.0026963894784306757,0.008115819009362753,0.0035341418616630523,0.9311029601154053,0.006905974544876312,0.003982210862491221,0.0002642046777223494,0.0024389517661432382,0.0007165964766494089,0.004750335351230446,0.0011186989631931314,0.008724721707298226,0.008762237368333271,0.0034238166405996143,L25
26,E,0.0011974389838417465,0.0055258395608515825,0.007053921935611133,0.9105132993585264,0.0032507502618169637,0.010118320450088826,0.0012426067964525188,0.0017864812697007534,0.02029317550331728,0.000813759864526047,0.006702357563153015,0.0016912311163532264,0.0005104928728505956,0.012653950683008,0.0011961961929349784,0.0006017321118097576,0.0006893936235208396,0.0048384578948599795,0.007242687161162202,0.002077906795614395,E26
27,H,0.04742542172324269,0.002665387599750368,0.014389584426038516,0.003706846589946648,0.0033323066410430027,0.038211736737319354,0.3458388796571535,0.1584766528433764,0.0070960478803761265,0.05371111378845936,0.02715155694446184,0.012955929186418507,0.0014642857258049854,0.0067095049137768994,0.009535800864829252,0.025293613273714398,0.029248703898377533,0.19829226505042874,0.006511113432894059,0.007983248822587762,H27
28,G,0.37305440318328537,0.0011240924123999416,0.002642439510439402,0.005123286270821887,0.0012370487551525981,0.4294643315414575,0.002179729973858928,0.00037139260919483267,0.0011905244014607116,0.00016125733159637229,0.0028384997387393583,0.004149107794384766,0.0009484301234340177,0.002847516115743152,0.0021051326769971927,0.14404224999646884,0.01982617142489908,0.002775466883021905,0.002690967056897825,0.0012279521997462237,G28
29,G,0.03175057597151381,0.25224694906173123,0.0008288554105320159,0.004146497000226546,0.03536612663098727,0.03653121918127973,0.00010837264252110046,0.00011527512067463586,0.00039288759467146015,0.21566097395764025,0.003311101594532136,0.0003259907120021091,2.0565154504115834e-05,0.0006777526259382503,2.931639271215435e-05,0.14503863781319437,0.23271900446091645,0.0008812370553578457,0.02056620705296983,0.019282454566094523,G29
30,C,0.0007737512362691181,0.9319475874957625,0.0020621842723992445,0.003683704744760905,0.003852757005440421,0.0017377142103072818,0.004083077782299556,0.0017506358031159385,0.003463040313214868,0.0005905201881097179,0.0071114110181753195,0.003356317922271117,0.0006099655948405312,0.003764247058011224,0.0033193445114608855,0.008690045227101617,0.001578161674669811,0.001169056552484972,0.003172013200066636,0.013284464189238366,C30
31,V,0.010070450035295367,0.0019640422035721236,0.0033556679895482516,0.000849082820736266,0.004093464568155083,0.0003684836143286081,0.001658548939885001,0.013329230468043842,0.002221669489810654,0.006097735996161957,0.00428862255336694,0.002178110434040711,0.0003870855357700688,0.0018417791627727263,0.00042183400363912026,0.02865774656226049,0.11910653788712414,0.7937280082829584,0.003827493387883255,0.0015544060646469052,V31
32,T,0.004285904817697671,0.001008439453714518,0.0011662816636463518,0.002196970043379998,0.0011612200773134533,0.0006350035357735348,0.0008222158859912625,0.0024376335823087223,0.0012306554108696985,0.0002844182496747908,0.0030378240562218737,0.00103607932302897,0.0002555314913670559,0.0013127516691941895,0.00034250309152184736,0.0018245442830971284,0.9718459552316863,0.0005203073747248102,0.0035022497378388675,0.001093511020949058,T32
33,V,0.007359290283862613,0.003869296734089391,0.0026875137926670907,0.004384136809191229,0.0023946159588878564,0.002750408399749652,0.002727091521595842,0.004504142560368734,0.0020248787031875055,0.09834524880956172,0.1635189843377536,0.0038153445371463483,0.001293989455291399,0.0020429103449347416,0.0007269409839533402,0.0009358854030804745,0.0018459861585704332,0.6876176872504928,0.003533612721686432,0.003622035233928829,V33
34,M,0.0023666128043600774,0.006171866773119428,0.0057549087578464605,0.0031661988656439127,0.0031559489501875675,0.001928026470493929,0.013403058524677984,0.00409949757264312,0.005568527393535542,0.04100299254089266,0.8669920121197843,0.004871765558880496,0.002047446664960352,0.0050182648180560575,0.0022591475306628452,0.0047161851720546304,0.011020251746395425,0.005319918270633415,0.004560650993679276,0.006576718471492615,M34
35,A,0.44179392823521835,0.016422636440906725,0.0028921301317124753,0.00029181449641553123,0.004365999910876887,0.28495446205776925,0.0011718784668445963,0.0017830421886227226,0.0024903549412869028,0.000654450552495765,0.004746027278771345,0.0028052846420803393,0.001211949530482619,0.0020249733103192787,0.0006310331421706184,0.19841632975677906,0.016450097716457265,0.0032390078042848526,0.009762363503916658,0.0038922358925887164,A35
36,Q,0.014531413441965865,0.015571871437537362,0.005654790130576962,0.10879637455836808,0.01528803971078231,0.0015529907020032253,0.21917147220139596,0.053025366512916006,0.15125407067249463,0.0019394238729064247,0.0820739452973292,0.007685799847691053,0.021964123857407515,0.133071783805383,0.0670886973448083,0.013014693991764139,0.03690874107660867,0.0022171550166866882,0.039800064074153846,0.009389182447220618,Q36
37,D,0.18627176617591507,0.0019912165757066014,0.16644759130825224,0.020557229329263627,0.005779513829246224,0.32364072077565437,0.002399640076307531,0.0013132090244342713,0.004280364235965666,0.01771712656927643,0.0987593870525152,0.08073831326724647,0.00026424723496392126,0.001958546858126713,0.056396564664198116,0.014873195745556185,0.0027292406281801715,0.0006432543818081166,0.002770500915413597,0.010468371351969489,D37
38,K,0.00931517029235636,0.0054720385561973185,0.004643182610583723,0.0090762216740083,0.004537783117545323,0.0008380329187681335,0.003978218068755239,0.0029626668492544203,0.7645979187361568,0.002138438336466265,0.016882659288360427,0.0017438352207583276,0.00044476347796553253,0.0037941414536452975,0.15332028933610253,0.0005598119874934654,0.004827397142951259,0.0031205141925324717,0.003965978375435647,0.003780938364662982,K38
39,P,0.0006831182800577515,0.00471392742227462,0.004171100482947056,0.0029543798997368853,0.005028961657333569,0.001654615478040051,0.0014137160481721672,0.0029718151558978975,0.0057912417882575494,0.007767846393862942,0.008012913169636402,0.0069087547229100986,0.9097146812723661,0.0007146329679912739,0.0010450386940203458,0.021114725514175453,0.0010661577872106622,0.001451998625795949,0.0077180784466560695,0.00510229619265745,P39
40,T,0.010430956364861143,0.006696947493576644,0.0026456530381250213,0.0024929029841104016,0.0038680839593771797,0.0013694080570080746,0.001721289958552364,0.005775169671696591,0.009355928521755168,0.0006853539387245705,0.007021594754400566,0.0022974146463306667,0.0006849971677824884,0.002336788258861681,0.001225864832414452,0.00627942929290498,0.9230747685954418,0.001610579392938378,0.008042614689388541,0.0023842543817494443,T40
41,V,0.0041669423210167296,0.0010128051919812418,0.00239912795854719,0.0010115500330436648,0.19827541750272723,0.0003085127324390842,0.0012948143334828718,0.004424913597013067,0.001599985827469081,0.028238365121774512,0.01513608707675255,0.0010648052329902853,0.0002476796741350714,0.0015173176600831717,0.0003592500091550779,0.0004240599809402145,0.001244105129798138,0.7302115801796235,0.002589406099580679,0.004473274337446738,V41
42,D,0.0006454702169744568,0.0024015925711128334,0.9235589092129044,0.004456076226837097,0.0034855876972511735,0.004277784829327371,0.0013463790668851036,0.0017795721376716357,0.0030497234973367086,0.000761816200180607,0.009335239748029614,0.0279532185072369,0.00036826357859309197,0.0017789173863272728,0.0005585055430742087,0.0005697670269482706,0.0006886250729202377,0.0026808468332355857,0.006003692683463852,0.004300011963689873,D42
43,I,0.0009597673477975856,0.0026427218382158967,0.0030561804118749403,0.004377535802570464,0.009253458359913229,0.0013063645542167007,0.0074198090797106386,0.5951350182721165,0.007911821563386589,0.19958822063991757,0.10983335607739372,0.004910923411681674,0.0004765014156847713,0.005351666410164957,0.0017490610937318663,0.0007922230170432392,0.011373006128349896,0.023656577581083815,0.007472556176769005,0.0027332308183771426,I43
44,E,0.003992953230552193,0.0024327768279136506,0.007922373621927006,0.9382949828919724,0.002160647001132519,0.00440999844966063,0.001173165526606409,0.0011635700948280704,0.007941126077243848,0.0019145373515762649,0.009699661075787031,0.0011591092146047226,0.0006755012231138326,0.006756885170169786,0.0007175712295953004,0.00038976818789385556,0.0007818150738354432,0.002559953770555019,0.00445324797017412,0.0014003560108577823,E44
45,L,0.0015498049974241005,0.005191539496529369,0.009033028154900926,0.005366433545693947,0.002471375829880037,0.0018802267215990202,0.007048693764888144,0.01637569823968854,0.0040417195616848905,0.8772965688270177,0.018017325415977878,0.012679253972707926,0.0010300567768447956,0.0033308763793080845,0.0008434646211359997,0.01272113816956766,0.002736266001744855,0.004542818021334071,0.005979635402583214,0.007864076099489014,L45
46,V,0.03146914491945906,0.0040287147824478176,0.017944062612939245,0.03008057017316711,0.006593730411695829,0.013934718731074807,0.0024196115215082766,0.015542066024827631,0.009171311679390254,0.0017388093660269121,0.008102135541336679,0.002941768289714932,0.0005447743203905167,0.0033178994600547534,0.001221190972187697,0.010069029050653168,0.17618085616661655,0.650245647378289,0.009571707434368353,0.004882251163851433,V46
47,T,0.3888085934032382,0.0005045510497217635,0.0006855912605020306,0.0011813251020977654,0.0006603322023904864,0.1081585936276881,0.024953907316216002,0.009206924380127207,0.005426488479932145,0.02552140476858229,0.21578545109091163,0.0012623885215282125,6.478751045283786e-05,0.0015382308304231448,0.026385683160451104,0.012675527474385082,0.11733988609351877,0.04451092232209581,0.001165117790241931,0.014164293615495557,T47
48,T,0.09105467573133488,0.006486107185278334,0.005120614823165981,0.003934172957335878,0.005966968884009327,0.001523630644464887,0.0026195680185117395,0.006707919198490175,0.0030740096951783658,0.006092133161896312,0.03048879629550666,0.003898647011761177,0.0023853436474014426,0.0037177870031798715,0.0027017010626721807,0.052289230671906856,0.6915404231394906,0.06529400891248321,0.009223744853041744,0.00588051710289033,T48
49,T,0.003866669671747799,0.0035696989627687402,0.0009982966019183618,0.0010565241417649924,0.0007923434099891222,0.0013301036727950877,0.001110718533625113,0.19003528773503012,0.006457909747429322,0.0020222170507092282,0.18419360687939887,0.0020818882460856432,2.822415229533595e-05,0.0006744357793369358,0.17690469471588072,0.17913719696290667,0.06774893320645811,0.15547054759942402,0.0015236175999470405,0.02099708533048869,T49
50,V,0.3712425896691402,0.0028719130579108526,0.002640677172949736,0.0016296454154784193,0.02749752901391678,0.0014387937098340351,0.0009649157935365072,0.0035620537251332745,0.001869412919418028,0.00396221913723942,0.005501931973349808,0.0017779778067287702,0.00012202698660405807,0.00198062493301731,0.00036609326199373265,0.00031198884806297306,0.001327444108143511,0.5657328644539709,0.0038110887563235036,0.0013882092572482716,V50
51,S,0.010060278310936576,0.006234794479513448,0.005140012587550825,0.006070879252043255,0.005076476210902625,0.019373229132969006,0.03462905826606424,0.0029948277957058665,0.003680430664359082,0.00339583937505437,0.015996075701084723,0.006416171318554483,0.0004950962246201708,0.0048071135170779065,0.0027651047569104,0.7390295434517999,0.11846642399782135,0.003454069829511376,0.008666856747283744,0.0032477183802366943,S51
52,N,0.0008561653618809475,0.0027954254486019484,0.010630429172056404,0.0017929038920478293,0.0014516549932455853,0.16685726497962064,0.05470607550014275,0.0033083617742878852,0.0012967357304179109,0.00032902365809564624,0.005574600761925921,0.5760910950033957,0.00017183921488608502,0.12689537347596264,0.0006273861678140855,0.017110625840815883,0.000622829105395518,0.0011624126958294783,0.008105949526572735,0.019613847697004166,N52
53,M,0.0005661357994538371,0.008313833720517982,0.0023723298604576277,0.0014850879114785811,0.003428630227633744,0.0003566130945972302,0.001358694156004861,0.0013675939437635515,0.0014927541469930046,0.44529138820506114,0.5191292698213161,0.0015772112806891178,0.00029065501811577875,0.0013782903871364337,0.0009169606337880232,0.00040024682840939386,0.0040141460695982956,0.0023625284042595833,0.00157305697315001,0.0023245735175754668,M53
54,A,0.953149078177028,0.001809552029948941,0.0005705561643960323,0.0020368765716430237,0.0013862316296219548,0.0011076134617837678,0.0014686690062494898,0.0014329697668494525,0.0029572439765383615,0.0004576450042600777,0.00593265580812558,0.0023089499434836807,0.00110800128044181,0.004224449405440543,0.00044149713313774725,0.0005382753900673246,0.006008933770911187,0.006809369465032662,0.004176975791309101,0.0020744562237312598,A54
55,E,0.03409839459379474,0.06320083065935425,0.003006691667158388,0.10704760660175577,0.0005077120007238082,0.001059174857015898,0.004467741186851023,0.0016605469695890973,0.00965105300551201,0.02012528817342878,0.006383699378884206,0.000962340785322073,0.0013669114907247314,0.4222810972413973,0.0013504029606489281,0.018704126230238666,0.24837472456272278,0.047912966052134194,0.00114532879951618,0.0066933627832273,E55
56,V,0.014830877503750044,0.0011377468017826204,0.0016522085799670744,0.011187373638941811,0.0015599905474799418,0.0005470706410555847,0.0012020283669776455,0.4461404086777342,0.003278385808123434,0.0003989837138148923,0.005801998575940335,0.00329221489825878,0.0003150125258449824,0.0017792396778726653,0.0005981955529537646,0.00026399899901416966,0.0013168705684830798,0.49926159023574496,0.004120389593781268,0.0013154150924785763,V56
57,R,0.0113661921963025,0.0016068073639234528,0.0026656624704229502,0.0030008745934034706,0.003349078410942745,0.014844814400249233,0.001701169720161138,0.003575914673973582,0.015895265646555513,0.0007451009640289439,0.009318598158951854,0.0018744797506974808,0.0007726864537765751,0.0018283742988034798,0.9162288532772307,0.0007738808334356493,0.0015168685491305637,0.0012806386318276093,0.0052987816001933774,0.002355958005989227,R57
58,S,0.08624282098105814,0.000975505244909674,0.02179523870058283,0.008610437938653464,0.0032303131513971186,0.04279017486355982,0.044021017778466065,0.0018388891584602944,0.0009021899772153013,0.0002805002089380585,0.0020550511331645267,0.041069011483491014,0.000508959597660917,0.01729153567489435,0.0005486072208324919,0.6677307180078116,0.039930609935113465,0.01600633531040347,0.0019989642455343617,0.002173119387852995,S58
59,Y,0.001696164558553084,0.007387947756278313,0.0032580124774333036,0.0031647289721591387,0.10512151433432693,0.000926632061385398,0.0058474126169707165,0.0021886501365329766,0.0026774645596677367,0.0009872077607473244,0.007863704221219443,0.006604376237781843,0.0008320314222471172,0.0029964551138624163,0.0008639413995779109,0.0011043893063327653,0.00115114102872908,0.0017532831483113812,0.006548110347702298,0.837026832540181,Y59
60,C,0.0009622804461115077,0.9202354896981498,0.003216828473276118,0.002706367933159732,0.0028813016956601043,0.0017020931370799867,0.0030582214474423873,0.00274549401615075,0.003759504644624435,0.0009873323436188942,0.006039056756336325,0.003228431275232781,0.0008895254081533646,0.002342633161309992,0.017554279139666156,0.0015964598197429263,0.0017613464863376247,0.0012456091153694305,0.002522234460090004,0.020565510542487807,C60
61,Y,0.0011455056389505565,0.01766042082367097,0.003805886507503418,0.003907798751965513,0.047372830585983156,0.00266653569989641,0.010497293483728886,0.008045395690859049,0.003973530077249557,0.06105348024902471,0.015751002150454777,0.00876996592348013,0.00020761976154698946,0.003596834056942425,0.0009001549303025784,0.000862062049000444,0.08006444606004111,0.03118319378818804,0.007261851460476352,0.691274192310735,Y61
62,E,0.033044996848133355,0.03224773906774268,0.23053061843222683,0.5272442897741412,0.03361493294554337,0.006125322339240829,0.006672330639892265,0.010484019606921106,0.020094928729814887,0.0009155941315056943,0.013301202353987044,0.009143871265689845,0.0002598401929431215,0.007282602295050465,0.0009991453582791263,0.035749796573140466,0.0031454822852568635,0.0072329095022414264,0.0072602301524285675,0.01465014750582078,E62
63,A,0.8318621187620555,0.006409241654667084,0.006167208122919873,0.0027083038585964427,0.006977096302455254,0.019029311717679954,0.004702368659650127,0.008980717329550428,0.007265010879693195,0.0021416719922134992,0.01761786334885502,0.0053315463978779185,0.0005707008154749926,0.006902958290331228,0.0018822028597616808,0.020573721316055858,0.005291927073947881,0.022203791728194235,0.015756059986570065,0.00762617890344957,A63
64,S,0.04065976081688732,0.0022571239374882955,0.0030912249658120537,0.00380748395107214,0.040272316049124526,0.012116397327318926,0.11584447687236764,0.002754429031601533,0.019997366264445295,0.07329608512373971,0.004639502774904992,0.21065455834950822,0.0014464974318846447,0.018367519320876227,0.272477332219988,0.14138233070687187,0.016192283156293053,0.00394841228636847,0.0026382516961065304,0.014156647717340543,S64
65,I,0.0012015923171352807,0.0012362108123585903,0.001665631048671128,0.0008523747422927312,0.0018093649776947977,0.00042519372598360156,0.0017960306852393077,0.3049874513763644,0.003658753183834651,0.43808113746303035,0.01826455740259049,0.0011894817428383393,0.0013817360927753225,0.0010548347096450996,0.00034445338310094755,0.0005983203836039461,0.006163931587199255,0.21203221680571038,0.0022212145808932623,0.0010355129790379958,I65
66,S,0.2355122145562541,0.0032488769598047217,0.0027876373940680164,0.005879537485053542,0.006088449922947999,0.0064475468789316846,0.0068850005779248465,0.0436190303692171,0.07433143547553625,0.02521424156317748,0.003159087113658251,0.007038453292714095,0.009422840958115235,0.0010952698851365197,0.02614779208744849,0.39635714737471583,0.005755187936876798,0.08182208459282009,0.011928569505618979,0.047259596069979856,S66
67,D,0.04990445413504733,0.0021030688598142966,0.6442310698775376,0.1229118359932613,0.0031221441820130933,0.01017971789469677,0.015464712207008836,0.0015546753004807103,0.00354223859794673,0.02647567551185169,0.011407477725531232,0.042415647488543574,0.00011740904353459628,0.0057412467875841205,0.0013809440324387059,0.02771204104464128,0.0004716078000778666,0.009756017167844078,0.018009755829671424,0.0034982605204746807,D67
68,M,0.006713819321509075,0.005716351412758394,0.001836777020804487,0.0008972978202652367,0.0016533571708012144,0.0001941087422488649,0.000650596961825595,0.1118875630042499,0.001199973661436372,0.018302787868266883,0.1575527756870015,0.0005631443690719514,0.0001237892332093395,0.0023093942603613004,0.0010601413098745515,0.02112316588693595,0.5663718746496389,0.08674278795909106,0.01414129344070002,0.0009590002199494168,M68
69,A,0.11550811761382151,0.10274827184318495,0.0005764130853389453,0.0015295797216812717,0.0028615642383526835,0.008660778356639663,0.012600418548518937,0.02246375871997192,0.0016159799128421,0.045332431765669215,0.011415424841755903,0.0033571380941913955,0.00012743886539235666,0.13576933913624176,0.08684138491063119,0.01246097829676434,0.026471794638329087,0.3994474356902333,0.005359059762205346,0.004852691958234106,A69
70,S,0.00873569468377692,0.006995271899162881,0.004075399843101181,0.002262103051867822,0.0041543771421860025,0.0012822867553397583,0.0028055270107269067,0.008268481353088854,0.0026520311023461593,0.005901706227874529,0.004796402322269538,0.00768592521040213,0.003282731744131709,0.004088570232642538,0.0006525051421738421,0.8193243769438842,0.053136937492520644,0.046440891983660935,0.009610638065837215,0.0038481417930063887,S70
71,D,0.026351944602729827,0.002907105199464473,0.6633250275076521,0.1963010468567123,0.002302250352403286,0.006590058599616455,0.006728445751001968,0.004458819813913706,0.004205496691266832,0.025539245219801904,0.013350799920560267,0.020553957615519477,0.000381782035659264,0.006286460364997514,0.0013454386456143062,0.0040767950672350095,0.0027503057158592653,0.005551858442571503,0.006320728198931805,0.0006724333984889244,D71
72,S,0.07263479208260532,0.006063365880790729,0.003426215976304031,0.0022385730665715163,0.002709309712313095,0.03135579707455447,0.004544096549853402,0.00281637696161387,0.002327745709320983,0.0006307557335358774,0.0038687296154896905,0.01732914538063046,0.0008303585259547578,0.003518192687503803,0.0008238377778664539,0.8269191148535533,0.010691909794433558,0.0012458067498517245,0.003256649080712282,0.002769226786540764,S72
73,R,0.00546658830495811,0.014823186647872834,0.007233792093859886,0.01019778806308925,0.006047800907662124,0.003291973035185252,0.018755624855263883,0.004416019226368823,0.2478195582764984,0.0032654107742569323,0.02045257541954128,0.005806336581587304,0.00187942821406702,0.00550765067699486,0.609321254530969,0.006886795581616467,0.005139980704015351,0.0050162058379575785,0.011601553294889034,0.007070476973346698,R73
74,C,0.0023427824367414376,0.9109852317351878,0.00648565128263018,0.005178578277426862,0.0021348284526453046,0.003475337717124735,0.0026556618428071944,0.0029166950531212986,0.005295705503874765,0.0009021305573012526,0.009877978279236295,0.005043877784379369,0.0005805899802801444,0.0056600004474877605,0.005605752507733369,0.003918499253269326,0.001409354602479051,0.003257829643521443,0.010811303154922392,0.01146221148783016,C74
75,P,0.0012054176808153482,0.0035391843905761026,0.005892730176415197,0.004446714781046543,0.0038954616067618866,0.001697805663618,0.0012631388455363673,0.0020496392087913265,0.0033942445282377485,0.008584519089653178,0.00881493165273011,0.0036176395894727035,0.9263396856737,0.0009063876078612257,0.0006898711650616118,0.010424326807623549,0.0012588679981212687,0.0017875308075335082,0.007346757221508802,0.0028451455049353135,P75
76,T,0.14460198855255557,0.005313653250305802,0.006008343278318276,0.0035567299414595134,0.0025350639862989533,0.0032960313429887165,0.0014671093095243383,0.004232396921902359,0.0013817707702126064,0.00061534814657686,0.004922490305699158,0.0013940459684067454,0.00076090420020525,0.00343142055900413,0.001324706711577911,0.2617988141467758,0.5399934925350185,0.003161296988824696,0.007915445932216247,0.0022889471521286794,T76
77,Q,0.0070021030332463865,0.0026911535503137854,0.003092461640759563,0.03822081139419181,0.0029489977426932833,0.008925291593863256,0.003611447960876505,0.0021721047997223003,0.0027419954992716775,0.0006104217597348283,0.020804723000732054,0.01763258769942518,0.00015868657668670783,0.8712526661653801,0.0024834711042103757,0.003981023455192972,0.0005766462060019824,0.0018099060854117268,0.006357455493588065,0.0029260452386971943,Q77
78,G,0.000611337329277085,0.002513486226326488,0.003848976510286714,0.0022932419630818063,0.001785852022839606,0.9634085881139705,0.0011582019571773326,0.0012824159704390688,0.0023837372642491143,0.00044462990466271647,0.004024412927464905,0.0013923325948244731,0.00032051554868343756,0.0014489656056401996,0.0012843841558326163,0.004235420401752144,0.0006180532059426013,0.0012554558707177064,0.003274404505882949,0.002415587920948585,G78
79,E,0.013212051911994555,0.011287681834440856,0.4767295125776158,0.3351751761568829,0.008448085490725375,0.006798049777437236,0.0071289330003266906,0.014794831856203892,0.011539201625569342,0.0017828157937233287,0.021250374492912453,0.010711148680871335,0.016266742221145148,0.008599882789118204,0.0040201734396862155,0.00763944379280978,0.012984052204224704,0.006143996757772805,0.02070055228885392,0.0047872933076855044,E79
80,A,0.43024433020953473,0.008535253945744057,0.0010777841398723893,0.005375000578874099,0.013736166018033924,0.3500361390014459,0.006136429153802837,0.01621374210151952,0.02341891067603694,0.002830903183008189,0.025269270772114404,0.01084345270551248,0.04905946353274063,0.00854469942960084,0.0034550483031261414,0.0009947205619639627,0.005864944744407001,0.009878358027337669,0.014668113942257772,0.013817268973066324,A80
81,Y,0.01562366849686193,0.0057352512473457596,0.01578953342425873,0.01279704988684411,0.005780817375715445,0.04950925320699688,0.11368379572865456,0.015123002523609137,0.007049452180400464,0.2487492735795865,0.01224592532219189,0.023249576569161143,0.0014642851028287003,0.00580829429604568,0.004112340779001465,0.012983647937272684,0.11495911176773485,0.01718751957371548,0.0034409541146649242,0.31470724688710966,Y81
82,L,0.0007154373163918937,0.007447062374789905,0.004609460672351359,0.002618390584727142,0.010137639028029269,0.0010508211449587461,0.04147820037625145,0.4251505302571203,0.0045090491629859175,0.4792762271029099,0.003939374992183612,0.0025099187211705012,0.0007018793715649606,0.0011568109971582137,0.0003416921259279084,0.004905870956211814,0.002123995185708182,0.0017418083976239315,0.004079986373248737,0.0015058448586862945,L82
83,D,0.209428496207505,0.0005889077202428846,0.17483265331262898,0.06815402530401778,0.0008087505618619709,0.3038021023330124,0.0041874066635034166,0.020890434843748345,0.0008769808312452987,0.0335641285263804,0.004129613915682184,0.01537481096118447,0.04531877012289432,0.032109343126587066,0.000643031087771615,0.015581352816310843,0.03858637308606786,0.02501879908437921,0.0016633119445806854,0.004440707550395292,D83
84,K,0.01877853659255515,0.007646925248083839,0.0024810702554425453,0.006858369707224115,0.0069390084350318465,0.03609130652823319,0.06680275732969788,0.005540491950025967,0.34416818024415363,0.0057458311190208234,0.034780845911910704,0.04219084303998456,0.03586694148798528,0.0827704277735604,0.245008939044948,0.024026802065099714,0.0035675730744973324,0.016044231768095718,0.005933810731064263,0.0087571076933851,K84
85,Q,0.002259733936261006,0.018377595506620988,0.0025710157327451717,0.0045867822734582744,0.0014506918908877445,0.006827622889791758,0.012671566773183507,0.0007671606950929833,0.0031855008099170995,0.009382663244048501,0.3920271266135936,0.008734377209779617,0.0001378918468889039,0.3825333466462074,0.0044329338703982925,0.012660305594600433,0.0018966059024801867,0.12862681014796223,0.004220842174045013,0.0026494262420373596,Q85
86,S,0.09249575218041217,0.0012275818609744705,0.004596778040138248,0.009816051673374524,0.0013643404074111386,0.03737113348882388,0.0029787456681148543,0.130949397191838,0.0026660777126855735,0.04441304188239014,0.0035046896277632147,0.0020491427655889233,0.04744278511363094,0.18787919307865164,0.263189825611719,0.14822702312126793,0.008889701118017308,0.0015639675545878206,0.002575832073064414,0.006798939829545914,S86
87,D,0.0027646020918008995,0.0033638409935858177,0.5484624042200437,0.09134785329497076,0.0031837952514630597,0.024173374832381384,0.003837770355399667,0.0025251120245324203,0.005989935140046477,0.0008510315146518893,0.01181268778173879,0.06137505701235706,0.0002181588388761495,0.007819635791008847,0.0019070238129735542,0.2181807061952912,0.00148837115715682,0.0027879149429564675,0.005882892129277702,0.0020278326194873384,D87
88,T,0.02839482914442394,0.003190632319982409,0.0030306516288623794,0.03528208347866618,0.003997091862320948,0.0010315031713371053,0.007990633863826528,0.07777007587552447,0.019461294437042254,0.023370463272549685,0.014221130266892845,0.26593580750914,0.10878991684677308,0.018891609387178345,0.011212227021478057,0.14074807165138725,0.14502560120916821,0.0021179678957994946,0.01180629349933236,0.07773211565831441,T88
89,Q,0.21592092778937902,0.018892803521909085,0.020681055517699384,0.10345368000693389,0.005804459718613149,0.0026716986107406158,0.011639925213826955,0.002321925842758269,0.0032329572802634056,0.037409719416800866,0.01296068323616052,0.012209938503265103,0.0007776352655908185,0.4968195433495864,0.010474949523333074,0.006384353090624405,0.003075834048198591,0.004299889371068784,0.022121329970666175,0.008846690722581664,Q89
90,Y,0.00560170645688501,0.022304471323745086,0.018072470861612247,0.009581191861775033,0.007393996325958414,0.005047225856593158,0.015959444471045855,0.008191032004996015,0.007931117022790438,0.004210702370778588,0.02218120361357397,0.02358562734903186,0.0028755647702153365,0.006514748387723158,0.006012596129577448,0.005248421409205667,0.006037570382246774,0.006970626496777042,0.018500652454758355,0.7977796304507104,Y90
91,V,0.03049944902659161,0.017317209510247226,0.003600778549238689,0.0025589370212337,0.12364849564958398,0.0007600873569687512,0.015774262697759268,0.3140343836909689,0.011051743127027945,0.14645949649151158,0.012577130992279148,0.013357732049621207,0.00017879761611178164,0.0012136006956501308,0.0004123728395237112,0.002257814530172457,0.010544634945148904,0.2877546320702006,0.004060139984158111,0.0019383011560022865,V91
92,C,0.0017638547203110463,0.8674428462797823,0.005075443598666448,0.007503102537100841,0.005924973461709127,0.004213959730051999,0.005026546950571155,0.0033520427535431883,0.0070268204244580725,0.0014747879930145835,0.013046566719594182,0.005084832101399295,0.0006846880831022558,0.009489233719808275,0.010942145914345263,0.006874692562206792,0.0014510303753349988,0.002085137718084647,0.01973356065506413,0.021803733701851295,C92
