site,wildtype,A,C,D,E,F,G,H,I,K,L,M,N,P,Q,R,S,T,V,W,Y,labeledsite
1,I,0.0005246715400592247,0.001213113797503342,0.0019647517236672848,0.0012383696060367618,0.0011313893212666207,0.00035453234530446716,0.00023579092229847697,0.16257660471537444,0.0003026560352270402,0.00036102458349080894,0.3351571614617168,0.0011004595554596625,4.6461073250366935e-05,0.0018148468920531674,6.949739721693681e-05,0.00020834756618288628,0.4116560731519521,0.0755594584442695,0.0033440081859566384,0.0011407816817134654,I1
2,R,0.0007732695812900875,0.0032292432219476566,0.004057385983614712,0.0030936721683094736,0.0030831649992776287,0.02350951364007962,0.005593791503269622,0.0024761182789044,0.005764898429764448,0.0008393934918065947,0.00398900540576904,0.004338624468872297,0.0006391057862568168,0.0035223138550070955,0.9043225485810812,0.004711937615986367,0.0017817934178517825,0.0017334947405458396,0.017386578955338686,0.005154145875026546,R2
3,C,0.0004094176613908078,0.9599106498596343,0.005632756419949779,0.002484392846700688,0.002535599474094257,0.0008909309452861166,0.0010206096214770654,0.001012913828615122,0.0013322062442449227,0.00022787714800316734,0.0026955271820493544,0.0012285688713241777,0.0002006792775085228,0.0014935306211629504,0.0010004575958470177,0.0019043333475667877,0.0005319171886567736,0.0004676920158675454,0.001764113425634337,0.013255826424986537,C3
4,I,0.0022008452908066135,0.005168052639109064,0.007297821929740003,0.007170673374670277,0.005134167821378767,0.002902752829651779,0.0025091847098509235,0.7393505051243031,0.002508445421218523,0.003502317250381002,0.04027320442096305,0.01671703671539234,0.0007911171116466975,0.004783285714229786,0.0005213965868970387,0.002929961646455435,0.00796802599067536,0.13318313275345034,0.010925790113536012,0.004162282555643821,I4
5,G,0.0007016870963286031,0.0010527715574978206,0.001925935063218513,0.006733598569606111,0.0011137622132526264,0.9748933565448691,0.0006881986340214641,0.0004084127747039003,0.0008732307682555071,0.0001275937846908228,0.0038850804381530264,0.0008580498465810285,0.0001844640209142608,0.001120277777387947,0.001139583291341409,0.00034982121580153983,0.0002151304562457416,0.0012649963692000108,0.001530224746599962,0.0009338248313305932,G5
6,V,0.004230978374363595,0.0010361634162112704,0.001992190622688853,0.0020310391201709462,0.0060010637310743695,0.0010165472417876646,0.0004099640082426922,0.397103005908242,0.0006672120656152785,0.001279115124678519,0.0028656514103964784,0.000683655220385916,4.6075249794584535e-05,0.0008418472426308093,8.73704228655083e-05,9.767916119364208e-05,0.00019064563500833647,0.575430526749079,0.003166456705716125,0.0008228125898544539,V6
7,S,0.05253103437924648,0.0009012956468588154,0.003050577436122766,0.01080046404048544,0.00045810431669540225,0.014797415466819286,4.2500404617862784e-05,0.0004181247110736617,0.00010304993820983378,0.008869698344734963,0.019554648844408357,0.03451892666838354,0.040022476375257764,0.18154573927771395,6.003704317193484e-05,0.04226558859604809,0.01839535513301943,9.858204652332218e-05,0.00021525824954147786,0.5713511230810677,S7
8,N,0.001279844234046003,0.0015632210196810602,0.03473515252747481,0.0033304363380209394,0.0012036912343813286,0.0006935012832685082,0.0006339017691784737,0.0009151927683352115,0.0029415862136057186,0.00015694001968906437,0.004214057441110495,0.9291138712174244,0.0001914767733203792,0.0016777582548740692,0.00021779286649752186,0.0017175854412148101,0.008311902031591661,0.0007195484649738463,0.0040359694508944055,0.002346570650417596,N8
9,R,0.0045741911364022385,0.004072202925777396,0.0038814640712190717,0.0038725368073924626,0.0023281315798881715,0.011347690803770908,0.0017887750504270367,0.002677425051907403,0.0058593671095142795,0.0005680736359779404,0.006164878165779853,0.0017542203226996126,0.00034005994457089994,0.0024514364898982266,0.9355391251508609,0.0014239443208928417,0.001960718721735034,0.001833516689852443,0.005435204550357809,0.0021270374710755974,R9
10,D,0.00035450009881581317,0.0006050685220860682,0.9871409143737172,0.0014482632993671198,0.0003547332893794509,0.0012539167434517725,0.0011319311676086727,0.0002838643661457713,0.00044490952540722,9.305881452546574e-05,0.0018949394389932918,0.0013856897407538114,4.83205047961382e-05,0.00038331549984458175,8.536253961912109e-05,7.449772308256668e-05,0.00018165741775128314,0.0006716438242139644,0.0017989195601610184,0.00036449355027969716,D10
11,F,0.0006655309200140642,0.005524637380120609,0.001957482607617793,0.002426001638242409,0.9470521295731805,0.0006467004390796145,0.0013117552258318007,0.006396714482460304,0.0013861171525774824,0.001302334804225214,0.006958100028148692,0.0018213074433564222,0.00024309679047919368,0.001927470413607592,0.0003204693741975864,0.003980231415123798,0.00047668671713694643,0.003241420286345597,0.00594151660849585,0.006420296699758383,F11
12,V,0.006502216832787501,0.001927372252588265,0.0021184933228695388,0.005038597686961422,0.001530561298308157,0.000979199590593956,0.001278442530967937,0.005251636362674391,0.0010768529409417324,0.0005022067974904254,0.01446205681504755,0.0015574620206618606,0.00023009038045205445,0.0017935734284501396,0.00027720843499767333,0.0004597439903727518,0.00030279689217569983,0.9492616952206515,0.0037375443210863955,0.001712248879921139,V12
13,E,0.00040140966815546583,0.0021425157141418674,0.00018999965329371166,0.9582121784922963,0.0019807832820748447,0.009290659771599255,0.0013535851228283428,0.0018253775367166655,0.0032591640403275553,0.0008885527807723155,0.00332869872616053,0.0024344037516454745,0.00023077066914732014,0.0019674289699790413,0.00029405699758759066,0.0003588716204070236,0.000698376430947282,0.004419327203513806,0.0034696387669092767,0.003254200801496131,E13
14,G,0.00402193049806859,0.001279818846095685,0.006081266182212743,0.0032312190372299665,0.002446192197452914,0.9522543537226514,0.0011855011904964453,0.001584612823387151,0.0033912597048318905,0.00033299516254428293,0.005988343704262204,0.0017793323493625055,0.00014729412905735355,0.002685622146402274,0.00020098591016310115,0.003457422462503806,0.0009576031918582812,0.0035566079176143368,0.003932613890605342,0.0014850249331995837,G14
15,M,0.0004534799817935521,0.0014046083547238112,0.0015332169401233368,0.0013387335355468399,0.08306497841290106,0.00036260454412627506,0.0013128115337076925,0.021350166182093577,0.0017294875018943467,0.0014022881618894168,0.740358418972481,0.002094982697695526,0.0002755896177478829,0.0013884768535132757,0.0008940340733978028,0.00031384586211548473,0.04427983867068314,0.013740097436926524,0.08133358103068392,0.0013687596359555417,M15
16,S,0.005615003058866833,0.000807308577413316,0.0006949273768499626,0.00039233236736003715,0.0004682168431005281,0.0002623599609862958,0.00398832423543772,0.00034548845545292605,0.0006168436385852759,0.0030652572952053593,0.0026307185993095475,0.0012574232601483774,0.000539616026862364,0.0007250098815090592,0.002165107090015825,0.7057436287180177,0.26808807752909586,0.00027283472985841113,0.0009883879234977772,0.001333134432426749,S16
17,G,0.000724570415944998,0.0011784755732367808,0.005444226459540191,0.0005540148532663554,0.0010874718167868558,0.9748772818589931,0.0008786375293333451,0.0004944686118279984,0.001343705613620539,0.00024082805372913605,0.003918130549647094,0.0008074168077751852,0.00013443379687085543,0.0013624193547461603,0.00041018103174552463,0.0011523557097914271,0.00024331267254708666,0.002317727669645602,0.0017131161186049117,0.0011172255023470259,G17
18,G,0.8403290067925917,0.0002571689498065834,0.0002504895641926737,0.0016982308676880909,0.00034912029900325956,0.15343480741225377,0.0003865009742197524,0.00020465439430702366,0.00018273605489824667,5.253872563374423e-05,0.001351994080325655,0.00027273607872230183,5.075093217939596e-05,0.00024281068313252916,0.0003474139097249469,6.954715192164332e-05,7.558449122754035e-05,4.8332709197748424e-05,9.102212482794302e-05,0.0003045538041455441,G18
19,T,0.012349996388333524,0.0015552651240704615,0.0013977311278475673,0.0020354468220456093,0.0023992823074105046,0.0008738423088594403,0.0009171638093386047,0.023225581538594237,0.0016681336710696376,0.00030648840919514386,0.00352472955505745,0.0015434053426730946,0.0002374312996868404,0.0015969874395605277,0.0005748580950026602,0.000565104928606361,0.9388927495745567,0.0007016310571474398,0.0037222832616603486,0.0019118879392838245,T19
20,W,0.00038325208849279637,0.0015043330923523563,0.0010684479501772686,0.0009074657701288421,0.0010184370066739614,0.0009211252911390778,0.0010148070784691062,0.0006454413107806339,0.0008276108641707057,0.00014274621308747897,0.0018354506980916886,0.0013642870328480052,0.0002262711636723161,0.0008627571132703801,0.003784792000307562,0.0006417054445384669,0.0004467425451662444,0.0005040298520107817,0.9804295256789132,0.0014707718057092,W20
21,V,0.000993783608606813,0.0015919156801699759,0.0006737520105903151,0.000510912284833064,0.0021760178933012174,0.0002888700759226505,0.00029702744927436337,0.5584498721733628,0.0006905687917872119,0.11669827517309268,0.0035799523498814463,0.0006490081193379411,3.2710965576101365e-05,0.0004835732429482172,6.162038458474367e-05,0.0001064561569092738,0.0001380916233206276,0.31040055971883157,0.001508560054360301,0.000668472243308571,V21
22,D,0.0007433284591052488,0.001085331639051139,0.9556823354926172,0.012959976101701258,0.0016510424478422357,0.0025912822026263487,0.0014343213437398056,0.0005885736182680101,0.0013723001366972446,0.0002496295310356986,0.003556861467317962,0.003193862904907108,0.0006250202734981269,0.002946083121359709,0.00033581264549878913,0.00040072682269509137,0.00048296492294428963,0.0007541758010624664,0.0021355158929283087,0.007210855175104016,D22
23,V,0.004397425212383318,0.0009402504876638544,0.004332085621979041,0.0009677245119706794,0.012408828458469096,0.00048369700819261195,0.0012163154896386909,0.14578175970643886,0.0017456334742718168,0.0009455838270353331,0.0082676078971784,0.0012443834758531051,0.00040213498525655577,0.002847149404053308,0.0003239705680849003,0.00022677888939349891,0.009284483762426667,0.7999261942879132,0.0026168887338339345,0.0016411041979630815,V23
24,V,0.003527813876414959,0.001999306563684392,0.0027459305706212605,0.0019708393210058923,0.003099615644475165,0.0026202499616962195,0.0026769702212216975,0.14507623396794606,0.003059516054789166,0.0034641364762412297,0.007466949371717552,0.0023537484514984702,0.0009218591146355642,0.0031834399543010155,0.0008131495483052593,0.0005182529315604801,0.000847085578095427,0.8061563586259721,0.005166918176765599,0.0023316255890524205,V24
25,L,0.0006212356783871157,0.0017663352167604288,0.0019703017459909897,0.002172626803469046,0.0006678597677593198,0.0010904981585619937,0.001672336860276446,0.005534433038896564,0.002243577765197967,0.955126014847223,0.004644404343263953,0.0025541386660243894,0.00013416143147359643,0.0014996588683036005,0.0003965233479775723,0.0030934221603628074,0.0006432221375515057,0.005986835620509211,0.00601480002198583,0.002167613520024809,L25
26,E,0.0006973853054207099,0.003671095702760526,0.004785823737983668,0.938732033255177,0.0020632127699155085,0.007081467974836375,0.0007260015088211829,0.0010769016729123982,0.015079456044988768,0.0004584299666513718,0.004527329693554305,0.0010146865999503991,0.00027626894816786224,0.0090282199415268,0.0006965992286593644,0.0003302887353693689,0.0003828624924114218,0.003177880777739705,0.004925078774335216,0.0012689768688177285,E26
27,H,0.04337897747809012,0.0019027905836860998,0.011877458565953531,0.0027224976846458603,0.002425075396992158,0.03430742697956912,0.37534281791021945,0.16082073006495923,0.005511357916582115,0.04965761228647247,0.023670627686019657,0.010597898581698791,0.0009927976950937967,0.005186068598428463,0.0075971105390378255,0.021916724270561766,0.02566276696304692,0.20514588954276028,0.005019735180792019,0.006263636075390522,H27
28,G,0.38152940936327506,0.0006974622406055578,0.0017647436023996055,0.003622268104108027,0.0007739014301760412,0.4445779755162173,0.001431797843686294,0.00020948070882730177,0.000742341633257399,8.465208690546114e-05,0.0019073988191312672,0.0028807204677680823,0.0005799234458621031,0.001913980107736693,0.0013786577959669997,0.13572665730609468,0.015749496461290754,0.001861440054009404,0.0017999703933587398,0.0007677226193233077,G28
29,G,0.027640109140356788,0.2624846488988473,0.0005271796838592104,0.0030294060791587834,0.03107476636365869,0.032188181354123054,5.7853754531118544e-05,6.186658252376891e-05,0.0002343343993648,0.221406600995702,0.002372666089748096,0.0001913348211232735,9.514877478415838e-06,0.00042366827316286796,1.398421801954501e-05,0.14390304574553334,0.24049004460398976,0.0005634610606577491,0.017246679258560365,0.01608065379960097,G29
30,C,0.00043075158754615387,0.9555438172750906,0.0012491221750561402,0.0023456000012961114,0.0024627392413461946,0.0010371817898883005,0.0026230428293582617,0.0010455609050724743,0.0021933960383662284,0.0003211854553885471,0.0047920253762771215,0.0021200798383762677,0.0003326885357069464,0.002401352714507725,0.002094726283928879,0.005957734371424622,0.000934172406463049,0.0006743600079662609,0.001993941528457604,0.009446521638482676,C30
31,V,0.007244511695434895,0.001227422281347782,0.0021960881214507003,0.0004936716736322707,0.0027251640563910424,0.00019938614731838494,0.001021528137521644,0.009823079020559171,0.0014032371163053355,0.004201176746614651,0.0028665585777214787,0.0013733813608373007,0.0002103415942287569,0.0011446629180422233,0.0002309266436354655,0.022558228877531367,0.10598967754727019,0.8316055005704251,0.002533402379443028,0.0009520545342892992,V31
32,T,0.002718573877180665,0.0005647398222423847,0.0006613617877105831,0.001315639983994538,0.0006582449947728956,0.00034172831634497736,0.0004524297204714749,0.0014728819751883152,0.0007011015370860847,0.00014283397913971913,0.0018706481275049373,0.0005815708000574827,0.0001271493289191441,0.0007520411398365373,0.00017477803789782428,0.001075281716330485,0.9833138744962684,0.0002752430702419307,0.0021832114129462636,0.0006166658758653324,T32
33,V,0.005256515531026527,0.0026149093220054534,0.001760144927526949,0.00299487983621586,0.0015528127109343056,0.0018049278301721459,0.001788315099184825,0.003084019600895809,0.0012942300955844418,0.08781095327862849,0.15253659053326263,0.0025753326963103783,0.0007957944707226688,0.0013067522959752562,0.00042541127831963237,0.0005597304251861363,0.0011705299451025709,0.7258647541939101,0.002369465374476616,0.0024339305545592895,V33
34,M,0.0014853441654610125,0.004206839145403926,0.003899082935902152,0.002037610350762057,0.0020304471099962893,0.0011889111532116692,0.009766483414971359,0.0026975688310306835,0.0037621268108302334,0.032897089911994463,0.9045801441603419,0.00325372935836198,0.0012691004330925575,0.0033601324171929443,0.0014122347746881156,0.003141032073001575,0.00789599510447391,0.003580060341933067,0.003028687786661606,0.004507379720688514,M34
35,A,0.463080624836909,0.012965413558491328,0.0019662015910191116,0.00016283928154304887,0.003075338929536679,0.2876182664839768,0.0007370816166974454,0.0011627531442911438,0.0016713952922105817,0.00039149650872213784,0.0033671313140116476,0.0019021606904781546,0.0007644950235548325,0.0013350652471095217,0.000376305733350514,0.19412649238047863,0.012988962009537126,0.0022236041023589444,0.007369723039489433,0.0027146492162337605,A35
36,Q,0.012374355121958688,0.013339548910278524,0.004439586749758717,0.11017944124704189,0.013075681729850307,0.0010908764791947103,0.2357528511933995,0.05047747679785198,0.15758411906568504,0.0013886338277942017,0.0811246656023689,0.006195679215582767,0.01938090942338044,0.13712062506615366,0.06517169838011436,0.010978097494423831,0.034056194636981944,0.001605887275079548,0.036963287108417835,0.007700384674683114,Q36
37,D,0.1903491948633843,0.0013766746402640094,0.1684512418660793,0.01737649406055756,0.004379711345802768,0.3468344293905146,0.0016859116304352932,0.0008759562818616332,0.0031608763483893156,0.014785354618435718,0.0955559962104722,0.07677613210217518,0.00015353615195302212,0.0013521604972263194,0.05199764033099941,0.012226457778338837,0.001938843443305408,0.00040350302412212134,0.001970698714328119,0.008349186701355071,D37
38,K,0.0066922218402227,0.0037552398074561584,0.003141687663926447,0.00650598425118417,0.0030643083064699162,0.0004893208023073176,0.002656174891183388,0.0019285483672865748,0.8028140418926738,0.0013534895849536442,0.012765970451079958,0.0010845175074895776,0.00024590924746831233,0.0025229592515965443,0.1401855014621613,0.0003157110081824139,0.0032772909820149507,0.0020403970979788262,0.00264730030844604,0.002513425275917896,K38
39,P,0.00037942174889144475,0.003091941471160438,0.0027072273332698618,0.0018614229995718894,0.003317000287877099,0.0009917456846782282,0.0008359538230116657,0.0018733569460152842,0.0038664802407809046,0.0053189271080410026,0.005501425301627935,0.004683181520560324,0.9386861235707412,0.00039847003877404067,0.0006020804700835213,0.01575787344904813,0.0006153068097552942,0.0008605682655021424,0.005281925550040348,0.003369567380569335,P39
40,T,0.00729171076034645,0.004506235592299306,0.0016434061481525695,0.0015406139850633039,0.002482618709781151,0.0008037525806027459,0.0010303727508411212,0.003836762709649045,0.006479260154727968,0.00037898620117756494,0.004743978686203009,0.0014098551020243872,0.0003787719342574488,0.001436116986002674,0.0007126755571286995,0.004201944426700364,0.9491988201725141,0.000958598638170881,0.0054976917633519674,0.001467827141005213,T40
41,V,0.0027913773247333525,0.0006006769225830945,0.0015325425058734337,0.000599868464562248,0.18521931539591777,0.00016517431435754672,0.000784344821013688,0.002979557556435149,0.0009870254133858502,0.02230414358453468,0.011330354042323411,0.0006342452554174407,0.00013012119118447507,0.0009317623717915518,0.00019487627824129204,0.00023334085235104257,0.0007510396597414949,0.7631502970355832,0.0016649951687926635,0.0030149418411766016,V41
42,D,0.0003543493290717292,0.0014763224783799925,0.947748666234251,0.0028889922979446953,0.00221251237645933,0.002763668626022153,0.0007874289885392797,0.0010660795858178874,0.001913706996023227,0.0004242306547607248,0.006450151161585472,0.0212267127243813,0.00019263352852114097,0.0010656535849831005,0.0003028112999234875,0.00030944844956480984,0.0003801526424866733,0.0016636684534646886,0.003993542328808975,0.002779268259010432,D42
43,I,0.0005882370196578727,0.0017672938696391817,0.0020695271399367456,0.003057431073613891,0.006893147607286738,0.0008222018474437438,0.005423116896695017,0.6344705227064201,0.005814780259314098,0.19367855119633248,0.10123912175220613,0.003464088958122336,0.0002749600699159456,0.003803018124698837,0.001128835038408518,0.0004775960440258517,0.008623830347027945,0.019105610860593997,0.005465001489020205,0.0018331276996404792,I43
44,E,0.002553246477319489,0.0014906453479350194,0.005373678515257607,0.959992033117324,0.001310450178624187,0.0028441425345871437,0.0006750906426670246,0.0006690957570339155,0.005387494620024204,0.0011491559008936579,0.006694845771543721,0.0006663102040309298,0.0003706718940651,0.004520777538816205,0.00039581068276051823,0.0002039901826155074,0.00043444273776052894,0.0015754673242473487,0.0028744495993720887,0.0008182009731222755,E44
45,L,0.0009355854204643029,0.0034777861309518783,0.006346708815008019,0.0036052161152455558,0.00155307662297779,0.001154097879221144,0.004847854074439641,0.012110400526148993,0.0026497934692981968,0.9140181470130915,0.013434485281997342,0.0091724837909469,0.0006003345471812334,0.0021476915882909227,0.000483199734657211,0.009205397136853718,0.0017346800371128065,0.0030084388145295614,0.004054764715640672,0.0054598582859425844,L45
46,V,0.02599300998746974,0.0027879283014608457,0.01412176140983084,0.024749724819663484,0.004760658886385606,0.010730287976476847,0.0016024998506606557,0.01208102053411272,0.0068124674352177,0.0011193104664950558,0.0059543992611339495,0.001981375947233757,0.00031733753964091957,0.0022579816086237187,0.0007625523591074569,0.007539667061639819,0.1687850783963658,0.697071905401321,0.007136086529710661,0.00343494622744962,V46
47,T,0.41845241825078744,0.0003063939912903437,0.0004274688988585131,0.0007718852619711662,0.0004103913276079653,0.1042633570481514,0.021201903090174536,0.007179110751703878,0.004043043797807568,0.02172609358215728,0.22075843187571548,0.000829579202396125,3.2970245850885085e-05,0.001028195116299849,0.02252634019288767,0.010159590835173942,0.11391022083184901,0.03975029846691903,0.0007603904051737801,0.011461916827223872,T47
48,T,0.08205718827770908,0.004656105023010937,0.0036018224784408726,0.00270519593453463,0.004252783267148899,0.0009655105808390615,0.0017392777332498922,0.0048292950666349015,0.0020693112999504606,0.004349757480684511,0.02500614088837291,0.00267867501920521,0.0015710429949240678,0.0025439851684593727,0.0017985845104005692,0.04492496604117182,0.7420580922801644,0.05718122249150943,0.006825138950975369,0.004185904512613695,T48
49,T,0.0028282419190801935,0.002593123416840591,0.0006498451601182039,0.0006911133932835861,0.0005056205005662894,0.0008874934790579929,0.0007296998080817555,0.19437451411967244,0.004936839727266021,0.001398850654691139,0.18789370443882353,0.0014437377631568642,1.3515891395802642e-05,0.0004244511097830875,0.1798321690314692,0.18229833209569796,0.06340797224381112,0.15629572740303577,0.001028571081974069,0.017766476762194526,T49
50,V,0.3700962382560156,0.0018838423643396005,0.001719689296282612,0.0010180775304183107,0.021909599032882865,0.000889260728943508,0.0005762117726983495,0.002380268324317311,0.0011817487245974526,0.0026720507364432406,0.003816772221288586,0.0011191060232210123,6.098660450249997e-05,0.0012582959924294873,0.00020111674150170662,0.00016905039517639342,0.0008147701455450183,0.5848160178438537,0.0025615404325256426,0.0008553568330171044,V50
51,S,0.007392733399410124,0.004396713542373937,0.0035649270895253865,0.004271313851111098,0.0035170923087143873,0.015062545232765899,0.028304334093491316,0.001982721127148019,0.002480253227975029,0.0022726651542611526,0.01223341955472626,0.004535802778538639,0.00028072574761354606,0.003314876004833646,0.0018180983470585813,0.7861588651200485,0.10764512330256402,0.002315022056092005,0.006287562340066807,0.0021652057216816345,S51
52,N,0.0005226985064963395,0.0018896602525295262,0.008061748476704633,0.001166504240504889,0.0009274672292666487,0.1603883230730953,0.047771366178426145,0.0022690694476989884,0.0008204782411659937,0.00018499662248368386,0.003999053735855531,0.6160972099877756,9.136330058304737e-05,0.11913436326169359,0.00037291003732196296,0.013518889074274357,0.0003699691058981016,0.0007285968589899156,0.006005444954081933,0.015679887415153814,N52
53,M,0.0003206929889771854,0.005935128286843503,0.001520251702010945,0.0009140697885691426,0.0022679382276860048,0.00019412671998558916,0.0008298949057573221,0.0008358005888258106,0.0009191957176476086,0.4478306947911554,0.5290315098923482,0.0009758146485373638,0.0001554601732495518,0.0008429028665065959,0.0005414395076668976,0.00022005528854095643,0.0026915269266540197,0.0015134311333703492,0.000973023430779032,0.0014870424148884676,M53
54,A,0.9706494626919729,0.001074394086259105,0.0003067149964376473,0.0012217486423105888,0.0008043857615171693,0.0006304160615492923,0.0008564704932192482,0.0008338836116265472,0.001831659112088206,0.00024139054945720902,0.00390155571468418,0.0013999721670454569,0.0006306558019290974,0.0026981239835018166,0.00023215407258455345,0.00028791448484664515,0.003956067952324451,0.004531571899456522,0.0026652085088283146,0.001246249408360893,A54
55,E,0.029482819854899023,0.057627497566867115,0.0021092435302643,0.10213782695881532,0.00030559841308885546,0.0006791959027800966,0.003242901138002726,0.0011068558018102448,0.007485438919111023,0.016628867254767005,0.004778165177652432,0.0006120282826225178,0.0008959927883794167,0.45344506161656295,0.0008842461729829684,0.01535747552898565,0.254792452074459,0.04265851017084985,0.0007394034987680603,0.005030419348331506,E55
56,V,0.011200525061717455,0.0006888320466063839,0.0010329546868920328,0.008246289867943797,0.0009704897697175591,0.0003109807129126478,0.0007312020362492415,0.45166284078037583,0.0021741887098408845,0.00022072062429124694,0.004041649879165132,0.0021841513956542447,0.00017075762411296734,0.0011194905168143829,0.00034266804272602765,0.00014094479762700586,0.0008073790594859073,0.5103606167477015,0.0027869077187865723,0.0008064099213792753,V56
57,R,0.008018500313817812,0.0009578404890349258,0.001659821071587568,0.001887699250826517,0.0021267427219655165,0.010716086713893815,0.0010190857503649118,0.002283637380979918,0.011542120128038794,0.0004157298153030143,0.006462521515245151,0.001132325250677624,0.0004324725950793888,0.0011021086180756925,0.943209837786602,0.0004331986901291792,0.0008997536987749109,0.0007486393315683508,0.003500416265958669,0.0014514626120763425,R57
58,S,0.07797111819467069,0.0005995998566176877,0.01750426905645235,0.006383858708865634,0.002201131768059781,0.03642084894957433,0.0375600708037612,0.0011936885331401655,0.0005508186609294319,0.00015486861773965902,0.0013468323705136847,0.03483254735952462,0.0002957944641482802,0.013613229977797302,0.0003209024254305852,0.7200093227347804,0.03378515256750188,0.01251791028891333,0.0013069570369077276,0.0014310776246711449,S58
59,Y,0.0010341027345686013,0.005112550014285243,0.00210113722984568,0.0020358793300327906,0.09142915560023038,0.0005362884758205517,0.003965828338445083,0.0013639650088113206,0.0016978050019663493,0.0005744700068182143,0.005471095872903758,0.0045264062811051645,0.00047709462168438204,0.001918582215497521,0.0004969998134450311,0.0006488956754253965,0.0006787837471793902,0.0010719786227954427,0.00448453906285889,0.8703744423462808,Y59
60,C,0.0005478448373515864,0.9459378575835174,0.0020319231023957184,0.0016842467341367828,0.0018028080755129034,0.0010178008746870282,0.0019233476267797153,0.0017107086420310388,0.0024067927843050316,0.0005633524897161634,0.004027155325027469,0.0020398842650200706,0.0005030078705764076,0.0014398811639579768,0.012832427792232034,0.0009493840554613958,0.0010563400876615774,0.0007250817460101426,0.001560162279435725,0.015239992664184028,C60
61,Y,0.0007097945358862765,0.013848889262908273,0.002615080369563144,0.002691221401606816,0.04044235094688639,0.0017769473470279277,0.007871198204473542,0.00589609716945927,0.002740421874044347,0.053272523888746495,0.012230491000474228,0.006474993615707181,0.00011105719085400449,0.002459445974497409,0.0005463117008468558,0.0005212487800456528,0.07151023151504567,0.02567984880340188,0.005275133500700955,0.7433267129178237,Y61
62,E,0.028150380396954007,0.02741351257879086,0.2321330376597826,0.5701011227769699,0.028678086666188433,0.004513252524080029,0.004952636678827602,0.00809063209990682,0.016400887136465973,0.0005727967235366582,0.010477178357206306,0.006973824609442133,0.0001458516767186602,0.005446503727383453,0.0006297835666489738,0.030661523617815496,0.0021884120989852838,0.005406151857078014,0.005428334008689662,0.011636091238528963,E62
63,A,0.8771579488120148,0.004445269827051023,0.00426324983759228,0.0017441377731350347,0.004874614442587016,0.014494505169612527,0.0031756274586053515,0.006412324147189015,0.005093469901117279,0.0013516357921109611,0.013330671932945192,0.003639663758264652,0.00032141663137593855,0.004818383670084582,0.0011747474577357957,0.015776506054296032,0.0036102978950658675,0.017138626723582323,0.011807839716960046,0.005369062998674277,A63
64,S,0.03695041204668131,0.0015992304456731664,0.0022503205443172502,0.0028219147397958023,0.03656815766766865,0.009921130697125809,0.11520652089307873,0.0019853276855711574,0.017095987024919188,0.07007574841925392,0.0034975736806895723,0.22056189444004073,0.0009863633973451547,0.015588098562794953,0.29168337799071675,0.14303607705423882,0.013593703855015009,0.002935534739456748,0.0018945478626460222,0.011748078252971255,S64
65,I,0.0007503509108233961,0.0007738589266219752,0.0010697834903363695,0.0005167721874334677,0.0011704101248946046,0.00024280165521451078,0.0011610450627920908,0.30676182532445584,0.002514622243775551,0.45458376398989914,0.014416680451378823,0.0007421407839716988,0.000873283878146583,0.0006513601471542054,0.00019316192324553885,0.0003518602329928658,0.004430977815046465,0.2066944752490429,0.0014624135301913935,0.0006384120725825896,I65
66,S,0.2441364837027934,0.002329141867190988,0.001972304899934047,0.0044359248197749805,0.0046073714327833195,0.004903245642733149,0.005265596563581291,0.03910626495347255,0.0697706894341422,0.021563714986560522,0.002259312933070039,0.00539318130862438,0.007403856524564516,0.0007150391173433578,0.02243220806371965,0.42970380923398227,0.00433412336518194,0.07743921291500085,0.009564911425745571,0.04266360680980092,S66
67,D,0.04325325168792476,0.0013878126936688617,0.6959238478737728,0.115126295605148,0.002131590526281367,0.007694430441555267,0.012117625873345793,0.0009995867937282676,0.0024448299546652483,0.021728304777512846,0.008707389743722324,0.036251524178385515,6.043543597402543e-05,0.004130790315914813,0.0008788732488038643,0.02283251711733901,0.0002736281085828654,0.007347231857335803,0.014298152713170796,0.002411881053167645,D67
68,M,0.004908652822441684,0.004121904705876119,0.001201119942028085,0.0005516725848220314,0.0010714281891145232,0.00010460382587732607,0.00038907753982745784,0.10422300924486728,0.0007564573133036362,0.014588390783968348,0.15114891677413078,0.0003326185968432894,6.4175030263618e-05,0.001540242927949678,0.0006612169788232137,0.017045420296867096,0.6066249687062032,0.07904925022569066,0.011023879872709764,0.0005929936383921957,M68
69,A,0.1131633489238694,0.09965315002768554,0.0003578097174291197,0.00103271338485071,0.002039065180395032,0.006788770380064508,0.010200876158188352,0.019114044431709564,0.0010962210806964663,0.04097614897816383,0.009163298142675686,0.0024253180391485612,6.94691973372058e-05,0.1348769596346739,0.08301457786133162,0.010078329935468968,0.022845046355504956,0.43545545468047636,0.004030650957922575,0.0036187469324076176,A69
70,S,0.006217289980731073,0.004884284417355301,0.0027162282368341705,0.001433171434663931,0.002773445256442002,0.0007736538938372863,0.0018107148320622261,0.005856986852812853,0.0017033757880807055,0.004060859515196623,0.003241920059969242,0.005410195574613705,0.002147555150293901,0.0027257632634209864,0.0003714375364854686,0.8620809085063376,0.0441779353945989,0.038165712201283244,0.006896438270609823,0.00255212383437091,S70
71,D,0.021241395152083453,0.0019382513310288638,0.7058382972446329,0.18809415420123818,0.0015044577405213114,0.004714530248323639,0.004822152416745162,0.0030843366685828506,0.002894490771385994,0.020530861322398647,0.01014971890470755,0.016217165175575903,0.00021372808676951385,0.004479111634007869,0.0008394733037996291,0.00279841190209684,0.0018249762671900373,0.0039136127919683844,0.00450563575405515,0.0003952390828880017,D71
72,S,0.06170556115881808,0.004159569047318533,0.002237726457049228,0.0014094506022377601,0.0017340964083010454,0.02477927065450317,0.0030408682433490583,0.0018086498289333047,0.0014705324733169454,0.0003561060260039234,0.0025533029272950076,0.01301294041592653,0.0004800247364460828,0.002303044710283487,0.0004759319874971741,0.8661317382956191,0.007701903232123124,0.0007457905838766444,0.0021177047776828784,0.0017757874334191394,S72
73,R,0.0038811368961289127,0.011467842119831439,0.0052611630974919565,0.007639441132429832,0.004331296595368124,0.0022373610482101696,0.014807081842843926,0.0030781799876434075,0.24433394073518946,0.002217760848344502,0.016267635984851012,0.004143804054741089,0.0012171607827837446,0.003912810217794181,0.6491303243981232,0.004987638355769879,0.0036299503263614763,0.0035351118003696816,0.008788076174438341,0.005132283601285515,R73
74,C,0.0014474528156970135,0.9404699658892908,0.004374194711034512,0.003425627196641347,0.0013084585318584867,0.002221335427352373,0.0016585638181040457,0.0018363522153160637,0.0035098586045341925,0.0005134044655967879,0.006907851121221115,0.0033289608761380737,0.00031811317143600143,0.003772851456747317,0.0037335938654798136,0.002530604565416388,0.0008334720987458084,0.002070756314715324,0.007619538031061201,0.00811904482361366,C74
75,P,0.000698868517957451,0.0022512945661483847,0.0039165868969687715,0.002884717584977524,0.002498471024906377,0.0010137998565980585,0.0007352886436218498,0.0012438933413106083,0.0021513388037001117,0.0058935189071071415,0.006065519208300327,0.0023055482479763583,0.9516125161772417,0.0005127569662029148,0.00038120593963927814,0.007277246797126156,0.000732588888063257,0.0010721197452771116,0.004976600573269235,0.0017761193136075122,P75
76,T,0.13587377202412693,0.003756906446333521,0.0042932477029976246,0.002429284936694196,0.001681727120873907,0.0022365196182945785,0.0009284954461370073,0.00293438444862988,0.0008699867072793387,0.0003613697881637199,0.003457506802530025,0.0008783839678265438,0.0004550922672132293,0.0023364713177188847,0.0008310352683754805,0.2588947098790439,0.56834673878211,0.0021374017333524115,0.0057918015286750136,0.0015051642136237502,T76
77,Q,0.004809662879805142,0.0017024374829435359,0.001979858147445559,0.030383830241071337,0.001880304179793131,0.006260113421736857,0.002343213104106953,0.0013489687202885505,0.0017373975949921804,0.00033985403867063495,0.015695104141605534,0.013113931447757382,7.86738945163297e-05,0.906540547969631,0.0015602311570903549,0.002604761930141009,0.00031947994933688656,0.0011065128757023947,0.004330701943704978,0.0018644148796601262,Q77
78,G,0.00032920288694192383,0.001528691241338363,0.0024284076904543313,0.00138377144712498,0.001054653762699445,0.9778612539668983,0.0006589584533471964,0.0007360575923033153,0.0014431782018460874,0.00023295728413217563,0.0025488565536538363,0.0008048233919992632,0.0001632633434785034,0.0008404393531782279,0.0007372845920175296,0.0026943258896517824,0.00033313256501044526,0.0007192666321021578,0.002037341568155082,0.001464133583667086,G78
79,E,0.010334373334023421,0.00871029496285419,0.5077597261108296,0.34632660617433314,0.006358459937397437,0.005021726652317102,0.005287741698843447,0.01168569331994871,0.008921294130579452,0.001173630565732991,0.017316083941650646,0.008228182773540104,0.012953622650048265,0.006482641906925466,0.0028383919431453374,0.005700243704667249,0.010140824473070853,0.004499221394513978,0.016830030038525488,0.003431210287053189,E79
80,A,0.4571778829992936,0.006471631301279732,0.0006838469368398754,0.003916382960598058,0.010850601948059318,0.36540024851600994,0.004522472098527476,0.01299187290263169,0.019368802583957994,0.0019519057165098403,0.021036432506413204,0.008392944390249894,0.04324222960690219,0.0064794100387016,0.00242346899770941,0.0006268008026209027,0.004305585517627089,0.007584836822939927,0.011652442557575951,0.010920200795552344,A80
81,Y,0.012966842744075122,0.004366500308393142,0.013116421693043105,0.010439967924781478,0.004404191357204235,0.04537971189176282,0.1119320464534162,0.012516170550688951,0.005463243714350643,0.2619960047066687,0.009952563690920397,0.01996772728676247,0.0009911970770314972,0.004426931888504205,0.0030425162136015664,0.010605405673623091,0.11329647110619526,0.014382396976133078,0.002507022494081227,0.338246666248763,Y81
82,L,0.00042131684333485516,0.0053655482751383595,0.0031867141879940815,0.001724176452658212,0.0075006381652725634,0.0006396462174940095,0.03464654825015688,0.43390900687438533,0.0031113902134410607,0.4942223313277889,0.0026868711387180405,0.00164673987845111,0.0004126523831850997,0.0007100131639673906,0.00018881735035639315,0.0034098816543388266,0.0013736516851781714,0.0011074045838800556,0.0027911908898942584,0.0009454604643663239,L82
83,D,0.2179461592524116,0.00036960612934502793,0.17913695464545695,0.06439185664849419,0.0005216356653995003,0.3264471860163392,0.0031115677347362597,0.017826846150838925,0.0005696015174420446,0.029835361439274868,0.0030649538629123566,0.012778345763090464,0.04133907638948674,0.028433517200032867,0.0004066411389382519,0.012964893452173547,0.03471391054702705,0.021683839768564802,0.0011415294138960867,0.003316517264139248,D83
84,K,0.01588537883212734,0.005987306069750624,0.0017631832205360991,0.005319811614012213,0.005387779677898588,0.03229731777576971,0.06303456003531374,0.004219347126138522,0.3739822825837372,0.0043894533720508526,0.031025667348071145,0.038266653591023395,0.032079311253673234,0.07955603254568348,0.2585567754075457,0.020760923553470978,0.0026158388886657166,0.013389702870742693,0.004545638768554089,0.006937035465234763,K84
85,Q,0.0015099956934184566,0.014708601450006461,0.0017371943579405503,0.003257585340581064,0.0009330872938847636,0.0050180005004364,0.009822286976596597,0.0004671028774576195,0.002192473242642534,0.00708717197999892,0.40833667815317193,0.006556948964108433,7.242621258939983e-05,0.39760785760580125,0.003139086653026604,0.009812806799946614,0.0012483763910205834,0.12172119897416221,0.002976309338063391,0.0017948111951460739,Q85
86,S,0.08998025752739934,0.0008231400612494397,0.0034533662276395004,0.007872126269188722,0.0009231989184644759,0.03362612847095654,0.002155762576693191,0.1312584805967703,0.001911146725068148,0.04056073847458568,0.0025721518442892504,0.0014359952237621872,0.043574548716274114,0.19426732341905945,0.28015173376854247,0.15017066365178242,0.0070686440350226365,0.0010707942062222115,0.001840989171154611,0.005282810115875256,S86
87,D,0.0018745154900278492,0.002319675324762208,0.586411532664341,0.08370188505990488,0.0021851441476316217,0.019754570789829076,0.002676695558577428,0.0016988269120369133,0.0043409776497127265,0.0005213741823763495,0.009076223623272582,0.0543450553725553,0.00011887239653213017,0.005798536934118965,0.0012523559521030133,0.2154797392553262,0.000956787459000861,0.0018916896659513613,0.004256788795831282,0.0013387527661082466,D87
88,T,0.025356670795702488,0.0023604594124067495,0.002232196481847081,0.03210162572051689,0.0030150156732252,0.000692420542591738,0.006397739593566212,0.07574210407481052,0.016822854007460374,0.020522925382259218,0.011965559252615346,0.28792017429824995,0.10905956214126623,0.016288686917692797,0.009242774673346568,0.14426047453328733,0.14902837778363498,0.0015125798660460105,0.009775847155860945,0.07570195169361348,T88
89,Q,0.21739522459380545,0.015422888592258696,0.01701466553865037,0.09776657087853727,0.004280609579982941,0.0018429784050381709,0.009114025226090484,0.001582467184161032,0.002267056275695094,0.032388918255582884,0.010242513457254777,0.009599775584911522,0.00048234973296512466,0.53741678421039,0.00812772646842185,0.004747020288863405,0.0021476447329434995,0.0030901732560698106,0.01830539795026878,0.006765209788109001,Q89
90,Y,0.0038898655359341475,0.017444879261333146,0.013881196344053267,0.006967900190036309,0.005258631203022503,0.003473519729478134,0.012127691688915566,0.005877054746158916,0.005674790148493294,0.002852963624006679,0.017340193224605525,0.018535815092287185,0.001885407314412288,0.004583081886281345,0.00420071202655782,0.0036241589385180234,0.004219665893432207,0.004932427203201815,0.01423875212234349,0.8489912938269283,Y90
91,V,0.0263041538435353,0.01422484200678432,0.002583709634828707,0.0017829377085599295,0.1202975184950586,0.00047703730052255474,0.012853735865538923,0.33105058747652216,0.008733899403305786,0.1445824747189429,0.01005062715599507,0.01072990133892248,9.9069764126782e-05,0.0007929754574669463,0.00024553586820870487,0.0015562661117971236,0.00829951524450026,0.30107302493683674,0.00294359169550268,0.001318595973044002,V91
