site,wildtype,A,C,D,E,F,G,H,I,K,L,M,N,P,Q,R,S,T,V,W,Y,labeledsite
1,I,0.0005051034887803865,0.0011738537751626546,0.0019067642638404647,0.0011984427944784727,0.001094308675280192,0.0003404949904930277,0.00022589254104942791,0.16208430930101483,0.00029039240897309323,0.00034676854252254524,0.33561952956210345,0.0010642127317343375,4.407198353399608e-05,0.001760431571825125,6.608581289395659e-05,0.0001994507007510185,0.4127410594471331,0.07497952438284558,0.003255854194987509,0.0011034488305969373,I1
2,R,0.0007427005317662689,0.0031287347594784777,0.003936578001001865,0.002996599513631933,0.002986360084903734,0.02305518459828879,0.005437874458827688,0.0023951689263223166,0.005605241787341804,0.0008066138795585287,0.0038698323523574376,0.0042111631938853075,0.0006131276969266657,0.0034144918934768563,0.9068040251975762,0.0045758114917350745,0.001720088078107822,0.001673181640641062,0.017019238954604686,0.005007982959567483,R2
3,C,0.00039101761543012246,0.9611910800673829,0.005466295757053645,0.002398969560484742,0.002448720105403317,0.0008549344202788574,0.0009801854874865218,0.0009727496127216203,0.0012815207266904723,0.0002168597258107976,0.002604139107539428,0.0011812429072521173,0.00019082887194996827,0.0014377090286587135,0.0009607148085473737,0.0018358758545578575,0.0005088232286851568,0.0004470355942767819,0.001699903637273559,0.012931393882516158,C3
4,I,0.0021338857754681193,0.005036967818843441,0.007127698632445579,0.007002763555632147,0.0050037417624915585,0.0028191927043499224,0.002434789948667845,0.7427387068946808,0.002434068205631761,0.0034053943973920476,0.03974619544694251,0.016410064116186108,0.0007622773024793928,0.004659761499231768,0.000501113719333565,0.0028457801632178143,0.007786449591076994,0.1324024063058697,0.01069738376341303,0.004051358396646048,I4
5,G,0.0006720189167420934,0.001010756364173243,0.001855895066191848,0.0065384328427235605,0.0010696801999452593,0.9757950633860154,0.0006590227603149862,0.0003898559167572888,0.000837425570644825,0.00012093539242499317,0.003759846156901823,0.0008227791240988508,0.0001752312989390086,0.0010759761507895902,0.0010946322600214136,0.0003336113951771371,0.00020455455979242554,0.0012158722094673953,0.0014725089217506417,0.0008959015071280992,G5
6,V,0.004113505324376545,0.0009987891744941684,0.001928002430779351,0.0019658307166340334,0.0058468914404950605,0.0009797663607126245,0.00039294875879400604,0.3969187749777482,0.0006414219634943666,0.0012345623247937319,0.0027794752068640554,0.0006573271052097465,4.357823217978518e-05,0.0008104549822727922,8.295849029002235e-05,9.280976528612378e-05,0.00018188190858340453,0.576465896660901,0.0030731045058165654,0.0007920196702744425,V6
7,S,0.05206886618310127,0.0008714929959984939,0.0029717168716407926,0.010602681623184024,0.0004411323637007657,0.01455435536197136,4.033679936716312e-05,0.00040240980256854087,9.833351447734087e-05,0.008696822555426436,0.01926616717452073,0.03412773835684908,0.039604627254335875,0.18131435663817036,5.710083504439069e-05,0.04183822999216662,0.018117223375419704,9.404468969229734e-05,0.00020633091933706046,0.5746260326930276,S7
8,N,0.0012318336388183382,0.0015064162213324537,0.03411188279516048,0.0032242496794160544,0.0011581040754983327,0.0006649968550507865,0.0006075140510176068,0.0008790618783221814,0.0028456424612980265,0.00014913211816726626,0.004085555801226459,0.9309116634487061,0.00018217144610229057,0.0016174886123250616,0.00020737140878879858,0.0016561219967342982,0.008091888529272841,0.0006901285788776061,0.003911868261055961,0.0022669081428290704,N8
9,R,0.004437399691344702,0.00394762433669027,0.0037616201738231592,0.00375291585502898,0.002249227095645717,0.01106949454723791,0.001725375539502639,0.0025888881590811143,0.005692730960807426,0.0005441204338816387,0.005991410070711585,0.0016918442901160426,0.0003247035559178551,0.002369098384191619,0.9374888697843836,0.0013715665182668954,0.0018922837062431118,0.0017687978315086012,0.0052782122576035696,0.0020538168080134634,R9
10,D,0.0003379419028671166,0.0005786900646802728,0.9876646008430862,0.001392516113058472,0.00033816555735832505,0.0012045915911899597,0.0010867261445003692,0.0002702390558572044,0.0004247163162605448,8.799163309053017e-05,0.001824987589747541,0.0013319923941009304,4.5507167048503614e-05,0.0003655855459027634,8.06719567075851e-05,7.034573129434784e-05,0.00017246791516453943,0.0006427719580243802,0.001731963040004348,0.000347527480056185,D10
11,F,0.0006378217482376361,0.005363389641775589,0.00188836475754273,0.0023434048018622796,0.9487064102359869,0.000619666810087896,0.0012623527965508563,0.006215565779366288,0.0013343627211432607,0.0012532320823375608,0.0067645223309384635,0.0017562255622120305,0.00023154921086243483,0.00185923710999027,0.0003057611930853927,0.0038563427741490405,0.00045591133060247886,0.0031365983851854573,0.005770660576060744,0.006238620152022707,F11
12,V,0.006317849491276289,0.00185888846847081,0.0020443968608387887,0.004888123780335438,0.001474103583528274,0.0009405149336491577,0.0012299340962853257,0.005096086876046314,0.0010349100630278026,0.0004804064568109179,0.014120652735576278,0.0015001713876603496,0.00021905730227077703,0.0017290850870837142,0.0002642159645094733,0.0004395500845021946,0.00028876053532488343,0.9508037473191452,0.0036193273726426046,0.0016502176010154822,V12
13,E,0.00038336278935054396,0.0020671934512556723,0.00018063181050387514,0.9595787146988007,0.0019102324510080614,0.00904458312261777,0.001302346625072754,0.001759485090268667,0.0031526386217198715,0.0008527261834475691,0.0032203150788609677,0.00235064981968074,0.00021965284842657008,0.0018972755265230469,0.0002803041467369738,0.0003425031775576297,0.0006692342761650894,0.004282826994148644,0.0033575149341002366,0.0031478083537547635,E13
14,G,0.0038964023691660413,0.0012312479102544811,0.005906335671139444,0.00312619419498546,0.0023626700839758873,0.9538053531355012,0.001139977493327308,0.0015264615542715594,0.0032820003209804594,0.00031773833935166767,0.005815540102027426,0.00171524709747803,0.00013984825688008207,0.002595402375639831,0.00019118784739835867,0.0033464256922980935,0.0009196329505372271,0.003443020648552344,0.003809351737184714,0.0014299622190504008,G14
15,M,0.0004353640336457551,0.0013578242475554834,0.0014829411747868358,0.0012937645690678818,0.08232093794556185,0.0003476445658148997,0.0012685620507482225,0.0209843707378131,0.0016740049175066017,0.001355567669805832,0.7435791480054085,0.0020301468018461446,0.0002637779000541481,0.001342135512502371,0.0008618784756397433,0.00030063268121747143,0.04371519872703418,0.013468441995296386,0.0805946969986239,0.001322960990070512,M15
16,S,0.005465491330338903,0.0007765738104464312,0.0006678603218051325,0.00037573912997029623,0.00044889789449197384,0.0002506480067728891,0.0038740374906291297,0.0003306199954371788,0.0005923872128389191,0.0029726460533230693,0.002548859107563736,0.001212824857512467,0.0005177990105041028,0.0006969511991239475,0.0020952458707411688,0.707500530688998,0.267173928142985,0.0002607174027022773,0.0009519332693157773,0.001286309204499492,S16
17,G,0.0006940792409230983,0.0011322363439663144,0.005279651083292853,0.0005298331644676552,0.0010442913869426788,0.9757911591524318,0.0008426529595733494,0.0004725582452612063,0.0012920166141934008,0.00022914934576226945,0.0037920745055228574,0.0007739500513427148,0.00012746064637733705,0.001310120968311994,0.0003915590738935222,0.0011069900323323035,0.0002315279655408215,0.002235990841358191,0.0016496581431846816,0.0010730402353207524,G17
18,G,0.841888540951296,0.00024524238894398586,0.00023883444168249234,0.0016382206075727032,0.0003335505021368503,0.15213387660211278,0.00036949320289498747,0.0001948916436403573,0.00017389872911330534,4.961932082747831e-05,0.0013024067907121627,0.0002601807931519679,4.7920752016159063e-05,0.00023146890588418537,0.0003319102967814039,6.579506380667539e-05,7.154299288420808e-05,4.562379998243598e-05,8.625286701762248e-05,0.0002907293475420725,G18
19,T,0.01204969904638759,0.0014983968003088161,0.0013457464134991439,0.0019642406596464203,0.0023176709918808617,0.0008389359731817939,0.000880786788232881,0.022748277949456986,0.0016078250074640634,0.00029237167633161445,0.003412831114027077,0.0014869012686611956,0.00022614299466809158,0.0015388419185801247,0.0005504874497836057,0.000541091300495754,0.9405774380865377,0.0006727029124918287,0.003605311792342749,0.0018442998560215349,T19
20,W,0.0003656292961862214,0.001447176694251355,0.0010257106867470225,0.0008703006431414086,0.0009774144057294399,0.0008834812209761813,0.0009739094868521119,0.0006177226605072299,0.0007932705070562772,0.00013536478147895198,0.0017678568495904606,0.001311669838336551,0.00021517420515848915,0.0008271681620286089,0.003661532120549761,0.0006141254942510585,0.00042659887127285934,0.00048165730648190775,0.9811895408579606,0.0014146959114435796,W20
21,V,0.0009587751522142227,0.0015402553807300934,0.0006484788215779407,0.0004909185283863581,0.002109418905015297,0.0002766021877358606,0.0002844614274411805,0.5599839166113165,0.000664764710569397,0.11590707408819018,0.0034809356966409954,0.0006245205995772804,3.090851005976968e-05,0.00046449356970358315,5.8450217223773e-05,0.00010131654063701023,0.00013163334184029604,0.3101405832751403,0.001459126195360761,0.0006433662406393436,V21
22,D,0.0007126109510415131,0.001042885243892361,0.957069369515752,0.012642867526148769,0.0015905350643617287,0.002503187365634542,0.001380571288307564,0.0005634486630700935,0.0013205183045573476,0.00023772680355349057,0.003442582285340543,0.003089218195952586,0.0005985587324374994,0.002848153952024967,0.00032037941838625915,0.00038272247954719427,0.0004617909956401252,0.0007230739067741597,0.0020604837131920893,0.007009315594384813,D22
23,V,0.004273563136435035,0.0009052116589007944,0.004209679681666427,0.0009318254818992399,0.012135833000061194,0.0004637883003391835,0.0011728285587823497,0.1447325523396736,0.00168693405429783,0.0009103776467897241,0.00806572427541866,0.0012000599587124953,0.0003851493876220234,0.002759629457458366,0.0003098778654879517,0.00021644277450041642,0.00906417837653007,0.8024558784019061,0.002535142926954607,0.001585322716564039,V23
24,V,0.0034235879930054913,0.0019335321754008056,0.0026607365144499444,0.001905834803102039,0.0030056679818557534,0.0025382300115054635,0.0025935134458487433,0.14401711924280416,0.0029665482398396024,0.003361418517162912,0.007279551651213534,0.002278579879431985,0.0008873326770665897,0.0030874539374981876,0.000782096000558459,0.0004970940326249884,0.0008149391862155117,0.8086837827603731,0.005025947392415636,0.0022570335576270377,V24
25,L,0.0005949659640094995,0.0017024565439826545,0.0019003125536719942,0.0020966999473413257,0.0006399008009133467,0.001047974513204977,0.001611320217522666,0.005371560046029067,0.00216559567816212,0.9565950728698219,0.004502907574212079,0.0024673117872841374,0.00012729305333011043,0.0014439826291120128,0.00037871765155927164,0.0029917550932126724,0.0006161533529977856,0.005813433459586676,0.005840753867020034,0.002091832397025702,L25
26,E,0.0006686719249636589,0.0035557753415927265,0.0046429874329090405,0.9405061139115117,0.001991391732159574,0.006886550004312187,0.000696280628376948,0.0010353018219480632,0.014732134848054424,0.00043843207763279515,0.004390721498042038,0.000975136169815683,0.00026340274326974624,0.008792729326309848,0.0006679136200717401,0.00031524987190180784,0.0003657590929209334,0.003075347144472737,0.0047789220208336826,0.0012211787889008963,E26
27,H,0.04306630532280734,0.0018534014186965013,0.01169907729206793,0.002657630834831821,0.0023656256754940345,0.034011451328583006,0.3775728312150793,0.16094230920520386,0.005403229062820339,0.04934033618525909,0.023413373666291936,0.010431481521414742,0.0009632000854655117,0.00508243602726586,0.007462651261900461,0.02166835783954828,0.025396372479521347,0.20560594006072166,0.004918448678996459,0.006145540838030409,H27
28,G,0.3820889507000575,0.0006721434838851709,0.0017103350919656867,0.003526017343094417,0.0007462809184409639,0.4456453733237887,0.0013858864108613198,0.00020040110102995917,0.000715665779102853,8.053678867784519e-05,0.0018494685593232428,0.002800260204705233,0.0005582429404176547,0.0018558889438427353,0.0013341426241235011,0.13507178628539257,0.015469009774874441,0.0018046372184888104,0.0017446860635494253,0.0007402864443779667,G28
29,G,0.02734147809034817,0.2632369812501113,0.0005090443836694818,0.0029565481626262664,0.03076098790483261,0.03187000043478256,5.511593110540062e-05,5.896296515675681e-05,0.00022515725313299934,0.2218108908596141,0.0023121553507029647,0.00018361453991609452,8.965380979687107e-06,0.0004085489225030967,1.3207586412639465e-05,0.14378755806824223,0.24105067199931365,0.0005442985091911535,0.017011348145848783,0.015854464261510038,G29
30,C,0.0004116041037731215,0.9569869153971517,0.0012013708937921002,0.0022646168402137234,0.0023784184300136495,0.0009964022337870938,0.002534207701790327,0.0010045011840931091,0.002116801672661244,0.00030635954615666424,0.004646776124099271,0.0020456216044673343,0.0003173997390363049,0.002318776771976328,0.0020210102147040897,0.0057848269768234935,0.0008968707186813715,0.0006461473949354416,0.0019231938726247822,0.009198178579218622,C30
31,V,0.0070599091970062556,0.0011832668250475384,0.0021246090765872595,0.0004732765306390868,0.00263993676832376,0.00019009507642246343,0.0009836775898946033,0.009590560018667373,0.0013538615161269173,0.004080543714575255,0.002777765923217219,0.0013248825445962911,0.0002006054351376553,0.001103015063649464,0.0002203630765079039,0.022136191225966193,0.10499262123073509,0.8341953540095233,0.002453080636181797,0.0009163845411946006,V31
32,T,0.0026244162434443763,0.000539980963461138,0.0006329761858534904,0.0012644645710000986,0.0006299750194915091,0.0003257472171262153,0.00043201018362507086,0.0014165650345474763,0.0006712490979402287,0.00013543197910548358,0.0018017467529844006,0.0005561736368439543,0.00012047466542329497,0.0007203277247081267,0.00016592469692863526,0.0010321851967565925,0.9839735991958992,0.00026202527546580185,0.002104779505564247,0.0005899468538307291,T32
33,V,0.005120018691531327,0.002536186551989461,0.0017030396909661696,0.0029071219423964546,0.0015012863380281247,0.001746637240830866,0.0017304634516234123,0.0029941851075272925,0.0012498951598136864,0.08701190827650093,0.15165837072428892,0.00249756912979118,0.0007662582080381803,0.001262062498782456,0.00040806066651937877,0.0005378006159695941,0.0011297402188969576,0.7285830204258289,0.002296751004066989,0.0023596240566097363,V33
34,M,0.0014322331844401125,0.004082248393666899,0.0037818544804149594,0.001968543129220421,0.0019615805719464655,0.0011448446011448998,0.009526033779757616,0.00261059395126805,0.0036482205212725076,0.032325656465370264,0.9070120940186295,0.00315242391954766,0.0012225481607464974,0.0032561529296006747,0.001361318915113389,0.0030425814368633826,0.007691619196937806,0.0034706165871653013,0.0029331069307388107,0.00437572882615479,M34
35,A,0.4646235103830694,0.012728060301634845,0.0019081346828296439,0.0001556479476397733,0.0029926677975473273,0.2877397189735343,0.0007110470112690515,0.0011248054297578712,0.0016204289025798112,0.00037621412257579987,0.0032784277821826585,0.0018456123883760242,0.0007376563749646633,0.0012925826359207265,0.00036152908081312337,0.19374348680690953,0.012751318747697245,0.0021595548449977633,0.0072099303740495585,0.0026396654116510403,A35
36,Q,0.012219646324728795,0.013178807013120845,0.004356764598231566,0.11026222100338258,0.012916545802354778,0.0010614028626920672,0.2370268214355357,0.0502755369239836,0.15804699841805017,0.0013531050533805216,0.08103421583936522,0.006092465411104155,0.019191032112314977,0.13740680350202283,0.06501217749159238,0.01083293403381265,0.033838656851377276,0.0015661875047036286,0.03674552868311777,0.007582149135128372,Q36
37,D,0.19061479724475672,0.0013377769555177241,0.16856062975769587,0.017148603813897285,0.004286103036529517,0.34859135950393866,0.0016403019892039289,0.0008488629537234927,0.0030871730859150306,0.014577086520841899,0.09528807510062855,0.0764587822430431,0.0001472157878156733,0.0013138115108345316,0.051659811400946984,0.012040274832392764,0.001887999685105261,0.0003891789003116157,0.0019192102918992565,0.008202945385002122,D37
38,K,0.0065209535054876755,0.0036462662164422743,0.0030472023727583335,0.00633839123928269,0.00297169825731148,0.0004692537662880439,0.0025736554633540064,0.001864990204898539,0.8054393367020138,0.0013060604607099417,0.012488344624598835,0.001045100928834763,0.00023483719410529006,0.0024438115765792923,0.1391552391031501,0.0003019558326734477,0.003179546614536351,0.0019738312056515584,0.002565004243472907,0.002434520487850472,K38
39,P,0.0003624680371513441,0.0029918120138086577,0.0026174349339555783,0.001795578079669154,0.00321095788292394,0.0009529984462192837,0.0008024567090907077,0.0018071603012890906,0.0037463712448903403,0.00516373108814694,0.005342003099774998,0.004543007757313625,0.9405011796058933,0.0003807789068212973,0.0005767993902139301,0.015399734926064525,0.0005895484716999059,0.0008262310252719228,0.005127590896310769,0.0032621571834908786,P39
40,T,0.007090432726824723,0.004369006754661775,0.001583589369358911,0.0014839540829769554,0.002398281539630436,0.000771127179631369,0.0009900468614243308,0.003716275094407567,0.006295872093329946,0.00036193966551279123,0.004600952008261177,0.001357269948254737,0.00036173378878471115,0.0013827079059050506,0.0006832458706875777,0.004072245791075184,0.9508104785728767,0.0009206763547853759,0.00533673741230173,0.0014134269793089067,T40
41,V,0.002705660823410671,0.000576803116288278,0.0014800605884533295,0.0005760220598109485,0.18418320726671103,0.00015736576988473525,0.000754397403159806,0.002889211599879085,0.0009506707957725337,0.021894942885917937,0.011076643947510048,0.0006092392569516295,0.00012378958721458692,0.0008971279878517152,0.00018585088786985673,0.0002227785979874092,0.0007221727869523027,0.7654615308426685,0.0016087903705242115,0.0029237334251814365,V41
42,D,0.00033823932594154605,0.0014215190325042315,0.9492565524778713,0.002793159052781396,0.002135642347870783,0.0026712701396648377,0.0007552981051435044,0.001024469255525463,0.0018455849957676627,0.00040538827324543064,0.0062668045191160955,0.0207736755468515,0.0001831936190510565,0.0010240573863221857,0.00028876752210792525,0.000295135870089745,0.0003630250848400238,0.0016030778126298899,0.0038686992066797907,0.002686440425995599,D42
43,I,0.0005662435938060962,0.0017126667602851177,0.0020074895223497293,0.0029728451261103396,0.006735750598592493,0.0007930784366899931,0.005291541559006317,0.6373169103690353,0.005676115361550745,0.19314490862136835,0.10056161064637413,0.0033708182060651426,0.00026345513000866616,0.0037027286044570215,0.0010909567065961287,0.0004591556065465979,0.00843843308621254,0.018785770068095398,0.005332660113082471,0.0017768618837675815,I43
44,E,0.0024659669069829727,0.0014349729666823714,0.005213588942115121,0.9613121192857929,0.0012605170459783603,0.0027487268411350166,0.0006467461367185615,0.0006409680911775892,0.005227075285748242,0.0011044837885467887,0.0065041089889504855,0.0006382834012292159,0.000353812991286645,0.0043814773251695666,0.0003779596141156457,0.00019400449705562765,0.00041508500370720695,0.0015171389069171771,0.0027781967137728916,0.0007847672669173314,E44
45,L,0.000899437767732467,0.003370291719130359,0.006173140437305171,0.003494549697099955,0.0014976926131978325,0.0011109286476019226,0.004707536690251259,0.011825707330582618,0.0025636372974081503,0.9163753865749814,0.013126967899883529,0.008941693324430898,0.0005755804983852027,0.002075200818313193,0.0004626628461602618,0.008973974526130864,0.0016739482596793735,0.0029128752980355044,0.003933116052661646,0.005305671701028305,L45
46,V,0.025598883348603434,0.0027085322171004553,0.013855993171732889,0.024367166360848163,0.004640197373687205,0.010510729677763902,0.0015516152501058823,0.011842382619791045,0.006654613509658091,0.0010813998805869261,0.005811655294653199,0.0019209450145960315,0.00030424203713736245,0.002190859390426401,0.0007350029371066357,0.007369519127413484,0.16813287077961211,0.700409311696626,0.006972706837413854,0.0033413734751368248,V46
47,T,0.42068794649624847,0.0002947651573427156,0.0004120807053814345,0.000746784739880625,0.0003955195609353336,0.10393593451177091,0.020931041394599205,0.00704075020060269,0.0039512656388106145,0.021451729547918425,0.22107407630368492,0.000802955406286666,3.1290657234598586e-05,0.0009965004704021508,0.022246776523077973,0.009984907519032646,0.11361379069932256,0.039393159047154964,0.0007355963773277541,0.011273129042985263,T47
48,T,0.08135415327860057,0.004536153393452929,0.003503542480429729,0.0026267923271591034,0.004140933716634662,0.000931656348052058,0.0016843264013865842,0.004705929525148895,0.002006056919507021,0.0042359397872214445,0.024612912255503012,0.0026008838077683383,0.0015204634831711427,0.0024693285617854266,0.0017421155617431572,0.044376756581352594,0.7456452069649842,0.056566596757629296,0.00666483186828642,0.004075419980183631,T48
49,T,0.002760614030597566,0.0025297784308493288,0.0006286435615164551,0.0006688164368127863,0.0004883764497287639,0.0008601715830890074,0.0007063919345605804,0.19468407356920336,0.004835187971209706,0.0013595531373756177,0.18815403384828716,0.001403449506877679,1.27697792950034e-05,0.0004095381048610063,0.18003318309874394,0.18251726058294737,0.06307663741683381,0.15633665610501202,0.0009978032077886771,0.017537061244410193,T49
50,V,0.3699046569818111,0.0018232084835644792,0.0016634139204848512,0.0009816190306202186,0.021524035646492252,0.0008567083274587635,0.0005536520788433505,0.0023069441975550296,0.0011404652098453408,0.0025915648722187466,0.0037098627594550557,0.0010796522678309867,5.7801887453482206e-05,0.0012148031741807985,0.00019200636679671308,0.00016122175514086978,0.0007845259462133612,0.5861462633336734,0.0024837435325790534,0.0008238502277822615,V50
51,S,0.007215224311615106,0.004277567635033008,0.003463889388380586,0.004154832995984316,0.0034171288609270646,0.014764810318369659,0.027851776693742628,0.0019196471393807299,0.002404632363459055,0.002202199454042486,0.011976404636597358,0.004413725829820608,0.0002685748335601796,0.0032194973340089234,0.0017593312040021204,0.7894289841554802,0.10679029098151817,0.002243495645982875,0.006130533915405035,0.0020974523026896655,S51
52,N,0.0005030248021747896,0.0018328423645713827,0.007888825900647703,0.0011281069769362776,0.0008956849858655213,0.1598361616865095,0.04725661486841224,0.0022033003917525966,0.0007917702996535487,0.00017690960219835506,0.0038965820959558782,0.6190353046794626,8.699436910699482e-05,0.11850916286938559,0.0003581360362587957,0.013270677835133136,0.00035529446550745293,0.0007025947857952909,0.005866087506590755,0.015405923478081803,N52
53,M,0.0003069082133269843,0.0057819834332403204,0.00146877554946738,0.0008803839560038558,0.0021964959133860943,0.00018521453626388273,0.000798840421670173,0.0008045599019428735,0.0008853511699352433,0.4479297221465698,0.5296864092441795,0.0009402280318869255,0.00014812238319041445,0.0008114385751173959,0.0005198235391660807,0.00021011330450611764,0.002609464347369846,0.0014621458374055693,0.0009375222306778543,0.0014364972646936328,M53
54,A,0.9716916997982471,0.0010318246777093754,0.00029231939118167785,0.0011742606875212282,0.0007711524044775506,0.0006034728884271226,0.0008213994249951663,0.0007996071218587748,0.001764816848992195,0.00022972520181945005,0.0037765496697753998,0.0013466745501454526,0.0006037037822333287,0.0026058091691041896,0.00022088253014138076,0.00027429546046955157,0.003829639325362134,0.004390385666877526,0.002573827236385988,0.0011979541642752275,A54
55,E,0.02914408783093392,0.05719867518116236,0.00205174682317911,0.10173219455878416,0.00029378690473752956,0.0006561321199795472,0.003162786089963731,0.0010724586470553688,0.007337844860951088,0.01638051729094022,0.004671148313433265,0.0005908700535122254,0.0008670304488585358,0.4557678211403997,0.0008555946832316545,0.015120778480025208,0.25519907104884176,0.04226349461266632,0.0007146652406944346,0.004919295670649986,E55
56,V,0.010958419528192714,0.0006625794705600904,0.0009960448116182754,0.008052992322666134,0.0009354560410023986,0.0002976816825821326,0.0007035907115645825,0.4519745695564098,0.002106035426232204,0.0002108403379436777,0.003929786558868737,0.002115744795638488,0.00016285880358664424,0.0010800181889821325,0.0003282080380460677,0.00013426786113111567,0.0007773607810793283,0.511093485379207,0.00270363771548256,0.0007764219892058846,V56
57,R,0.007802669284102794,0.0009200605538747311,0.0015997068218417056,0.0018207595924290287,0.0020528182654003875,0.010446100841494235,0.0009792601473438906,0.002205216231039785,0.011256418397154092,0.0003973050967247934,0.006280305406921042,0.0010887735726042038,0.0004134053700466072,0.0010595443753890026,0.9448948100284614,0.00041410368817306555,0.0008639352471203396,0.0007180311673567158,0.0033890250769025025,0.0013977508356194882,R57
58,S,0.07732375088429226,0.0005772314514632519,0.017201530720329955,0.0062349830858274904,0.002135887213940166,0.035951205780452425,0.03708270117725929,0.001153992107619555,0.0005299957639611242,0.0001478655978852995,0.001303001789344134,0.034374038117729266,0.0002835354333657007,0.013357295929492847,0.0003077556592348926,0.7237755068090217,0.033334224248774885,0.012276288075880826,0.0012641924456555445,0.0013850177084695524,S58
59,Y,0.0009950345417789302,0.004967572314744261,0.0020305153228946464,0.0019670723556458563,0.09041244419667382,0.0005139656834094131,0.0038474054594099232,0.001314652185113745,0.0016386086054390448,0.0005507888560227016,0.00531814832821681,0.004394785647731159,0.00045690978607835163,0.0018530689213794701,0.0004760914771366398,0.000622608825195426,0.0006514649799442734,0.0010317057575791966,0.004353889153332856,0.8726032676022735,Y59
60,C,0.0005243873374185779,0.9475372334293284,0.0019605274417347717,0.001623208882580616,0.0017381943602780819,0.0009779073680221523,0.0018551456812114283,0.0016488685274472416,0.0023246240177225773,0.0005393227734958034,0.003901894915780102,0.00196825580326429,0.00048121957875302675,0.0013863734441094636,0.012521460386396148,0.0009117852419806614,0.0010151660383709588,0.0006952225446637252,0.0015029198210811101,0.014886282406360942,C60
61,Y,0.0006837182587493303,0.013583980320654223,0.0025391182969252014,0.0026135049353565687,0.03992881581459591,0.0017212708703680613,0.0076940812133691125,0.005753279207932318,0.0026615786107184085,0.05268451491401385,0.011987452567450445,0.006321762556107888,0.00010577404199654762,0.002387111445751585,0.0005254020750060401,0.0005011548877652945,0.07084799448408989,0.025283651309399153,0.00514386511133992,0.7470319690784102,Y61
62,E,0.0277906793152631,0.027058850314200324,0.2321340006088596,0.5732354725839505,0.028314849014886647,0.004406126893541522,0.004837821649244733,0.007926756325078546,0.016138071820789752,0.0005522064750453977,0.01028115520719974,0.006826383972452205,0.000139440811425924,0.005323324056905052,0.0006074960482563436,0.030285510871747738,0.002127059513892605,0.005283645211107697,0.005305457166350457,0.011425692139802091,E62
63,A,0.8801537272799039,0.0043190065117791054,0.004141100779634303,0.0016849575896883922,0.004738819440499256,0.014184663408921909,0.0030791058408857247,0.006244122676406729,0.004952904296639436,0.001303745256522823,0.013039052299875157,0.003531974035473703,0.00030732493405695845,0.004683823744334249,0.0011321556482699036,0.01544724039799552,0.003503303989209912,0.016789408533441606,0.011540993774716131,0.005222569561745153,A63
64,S,0.03666919611553159,0.0015569614458165462,0.0021954101412132547,0.0027568590096809765,0.036287549931863984,0.009767000561692845,0.11512522526661889,0.0019354042847362825,0.016886330158721367,0.06981434309063263,0.003421416718188414,0.22128081007194075,0.0009574674904738444,0.015388267293133846,0.29313324755460873,0.14312384690393418,0.013408242317462715,0.0028685500044827923,0.001846380215814831,0.01157749142345158,S64
65,I,0.000723503710442319,0.0007463109894302144,0.0010337403210293823,0.0004971505079289747,0.0011315967647901326,0.0002325091823881745,0.001122487281113023,0.30683271818487584,0.0024425957180905294,0.4557805779240977,0.014153650117222484,0.0007155393341394561,0.0008428175413071378,0.0006275132175598635,0.00018471591488464386,0.00033770779252519724,0.0043189539918938105,0.20624510932606527,0.001415838291118239,0.0006149638890976868,I65
66,S,0.2447119265034868,0.0022693352372633434,0.0019197133761192301,0.004339032644998541,0.004507776620016906,0.004799076050940421,0.005155969826773444,0.038763133109641586,0.06940306304429988,0.021297065122773098,0.0022008908050123355,0.005281669300172974,0.007264793638083634,0.000691680103716282,0.022160153483623355,0.43220404628638714,0.004238854681472169,0.07708017636132836,0.009399925890045973,0.04231171791384458,S66
67,D,0.04275469362808124,0.0013433464708555549,0.6996546497714725,0.11448062196465003,0.0020686993829586355,0.007526088227985212,0.01188537958472531,0.0009656255032391413,0.0023746813424165465,0.021387880710062025,0.00852331070749614,0.03579510743147432,5.739179699625903e-05,0.004025119348093129,0.000848347227077308,0.022481587174349647,0.00026225155605610445,0.007184462787600005,0.014038271367126999,0.0023424840172838824,D67
68,M,0.00478993993089908,0.00401793688151655,0.001162053775503592,0.0005312034104891554,0.001035858265371372,9.970656769258195e-05,0.0003738444583598873,0.10361504746924112,0.0007297933005600267,0.014330441154249102,0.15060821451255155,0.00031929059974718975,6.098857551022053e-05,0.0014924081973374608,0.0006373868498907897,0.01675992547386504,0.6095984775829111,0.07845576618936212,0.010810473979273623,0.0005712428256684869,M68
69,A,0.11294486158590435,0.09938367272459395,0.0003448010562285661,0.001001620347529057,0.0019858935876963003,0.006660412182606082,0.01003288405862051,0.018871386380616827,0.0010636029193905848,0.04064449547107367,0.009006500485354424,0.002364574149902751,6.627780678678852e-05,0.1347607076647523,0.08269792533695708,0.00991162550782328,0.022579558758399544,0.438200577189848,0.003941890837468368,0.0035367319484476143,A69
70,S,0.006053141046807624,0.00474833760900572,0.0026311949932200157,0.0013829033209838363,0.002686962316586388,0.0007437170897767369,0.001749697431048066,0.0057002752681651345,0.0016453622852173255,0.003943389622852833,0.003143819392748187,0.00526289147084955,0.0020773468462994553,0.002640487939390622,0.0003554706770118391,0.8649447145771356,0.04352891025896476,0.03757148489889032,0.006718604215456615,0.0024712887395891107,S70
71,D,0.020881104616830733,0.0018777615544983894,0.7088481722733704,0.18737916181233966,0.0014552561055173557,0.004592219199336214,0.004697695773646917,0.0029965554767648343,0.0028110235580033507,0.020178436100031276,0.009932733447226444,0.015915881158897735,0.00020429288424398762,0.004361545630560156,0.0008091357101220324,0.0027171559283710577,0.0017673725460945818,0.0038077549035875633,0.004387531511255465,0.00037920980930194,D71
72,S,0.06090387550536306,0.004038564598785848,0.0021644321556154914,0.0013594483481591188,0.001674692261750921,0.02432165200603836,0.0029467732698310687,0.0017471401236775,0.0014187302122606632,0.0003406034648847903,0.002471659752249959,0.012722557567014845,0.00045996428854836585,0.002228001819900615,0.00045601876738573914,0.8687604899090505,0.007505992993977775,0.0007165461728948892,0.0020476532351741336,0.001715203547436166,S72
73,R,0.0037781872877527107,0.011237643934741587,0.005131116946292595,0.007467571994494795,0.00421922852306985,0.0021707105532408097,0.014532481996552413,0.0029922971614031774,0.243937171694849,0.0021515787983803865,0.015975110769960423,0.004035498108752926,0.001176526389672408,0.0038092092314103774,0.6519489209087882,0.004862769911964089,0.003532222220921669,0.0034393817510931673,0.008597705609158533,0.0050046662075010195,R73
74,C,0.0013941226010132188,0.9423068323973893,0.004241537233079833,0.003316789924566964,0.0012594738986659653,0.0021450869520256194,0.001598782090174382,0.0017712616844868985,0.003398848565028924,0.0004913731357075794,0.006717043660499072,0.0032226323132301935,0.00030357490649080053,0.0036551334903669663,0.00361687009935223,0.0024456833623827607,0.0008000662521541335,0.001998820833772176,0.007413503756788851,0.007902562842824326,C74
75,P,0.0006698749501949747,0.002173343483690639,0.003793762387968257,0.0027890472931845576,0.00241349403219107,0.0009739475919691772,0.0007050024816444725,0.0011964874775516614,0.0020762736462100096,0.0057229395208782076,0.005890994758132933,0.002226041833284862,0.9531660309323798,0.0004905573714028976,0.0003640431159543662,0.007075710722268261,0.0007023981729552361,0.001030326270970566,0.004827579607075328,0.0017121443500925794,P75
76,T,0.1351802287306976,0.003656840886096427,0.004182298415386694,0.002358302741635248,0.0016289310674061708,0.002170075646946211,0.0008960947512942733,0.0028519266144866533,0.0008392945668428672,0.00034675844423228774,0.003363711995647561,0.0008474452171125237,0.00043730588011031224,0.0022676623739947537,0.0008014933995480299,0.25858775893170527,0.5704011803812664,0.002073329268172704,0.00565243522682447,0.0014569254605934028,T76
77,Q,0.004670234604005123,0.0016426497363438135,0.001912086981267694,0.029836498126467048,0.0018153696026548974,0.006088414835387957,0.002265330448440027,0.0012997487214014543,0.0016765898829484553,0.0003247127093401866,0.015350420328335446,0.012811889335385752,7.450110843547453e-05,0.9088347162709449,0.0015046370539089564,0.0025198113735050496,0.00030513129107897027,0.0010648521796820041,0.00420246952691978,0.0017999358835468695,Q77
78,G,0.0003138068177559512,0.0014709053005714052,0.002343215093524404,0.0013306552392798787,0.0010124925938256339,0.9787046928260913,0.0006308041532433135,0.000705084744042335,0.0013881374094592408,0.00022159464330736631,0.002460164487011343,0.0007713768993680139,0.0001549638014430396,0.000805725460842927,0.0007062672852541199,0.002601452225923831,0.00031757569117803344,0.0006889033954864454,0.0019637645530368127,0.0014084173793546776,G78
79,E,0.01013556327717408,0.008533827365601076,0.5099589879035987,0.34701608851907245,0.006217696367062989,0.004903493982797717,0.005164871248672958,0.011469478089999865,0.008741827515668855,0.0011358852680668663,0.017036496493607046,0.00805868415966932,0.012721935760554658,0.00633987686852021,0.002761939016118177,0.005570338831776374,0.009944591361472518,0.004390348470060556,0.016555416143022115,0.0033426533574834236,E79
80,A,0.4590948766847886,0.006332222622340536,0.000660008851495577,0.0038203003471284193,0.010650371990489033,0.36643139828726146,0.0044153922683679995,0.012766141297697904,0.019078672912878545,0.0018959510857117726,0.02073176113845495,0.008225175473558485,0.042803603251512834,0.006339880231684323,0.0023571043072223834,0.0006046300547279997,0.004202381461396646,0.007428634142777591,0.011442389191264016,0.010719104399240523,A80
81,Y,0.012777594559536162,0.0042743101616259434,0.01292589438796243,0.010274011076936962,0.004311431382667884,0.04506027467509541,0.111757673847749,0.01233083983099123,0.005355210044300605,0.2629478673554677,0.009791499809494066,0.019728167868727414,0.0009615367399094273,0.004333829051891279,0.0029717257561119154,0.010437819581456169,0.11312833037488972,0.014181445606241731,0.0024458026279043812,0.3400047352610405,Y81
82,L,0.00040436990204006245,0.005230243940276246,0.003096501188750203,0.0016691034421229924,0.007326442608065142,0.0006154822236662306,0.03415915475151431,0.4344495343470416,0.0030228686261542085,0.49523085207231443,0.002608093572881441,0.0015936937105867522,0.0003960037801458699,0.0006836258248858533,0.00018033768573166048,0.003314718777554317,0.0013279334361811649,0.0010691421439768267,0.002709984080396324,0.0009119138857143097,L82
83,D,0.21854926642535055,0.0003564883436299901,0.1794180065163952,0.06409177665369677,0.0005041802313649426,0.3281579749357339,0.0030403748864307454,0.017605360631164902,0.0005508363904656883,0.029557348590173737,0.002994551918409692,0.012593989820453401,0.041035387009623565,0.028160302228949382,0.00039243737430017,0.012778975414563945,0.03442221083677015,0.021440024009794376,0.0011086119194222775,0.0032418958633066903,D83
84,K,0.015675940742340886,0.005873318558364953,0.001716770091796465,0.005214772069994767,0.005281806962609261,0.03200969764633346,0.06272846320356829,0.004130195491227022,0.3762287891825554,0.004297743159018705,0.03074184108244375,0.03796511416988361,0.031792319570336056,0.07928215892182368,0.25952518574445865,0.02052067026683724,0.0025531144365874845,0.013199405623563006,0.004451614274805864,0.006811078801451299,K84
85,Q,0.0014633646616039142,0.014453607509760701,0.0016849865543800365,0.003171821616603458,0.0009016218211334494,0.004898778105546721,0.009628269432765837,0.00044945095200875183,0.0021296032884647125,0.006933369116540337,0.4094725324850697,0.006411611978513325,6.890162415340815e-05,0.3986491411063209,0.0030557521922637255,0.009618919879421572,0.0012084218208177151,0.1211622719923966,0.0028963556382905317,0.001741218223944296,Q85
86,S,0.08976881626735443,0.0007980334023397603,0.0033774376432646794,0.007737822484230184,0.0008956666582702081,0.033346373321173,0.0021023151266325426,0.1312518756007637,0.0018623957537337885,0.04026930290254288,0.00251108345393859,0.0013969278638318208,0.043280369043174595,0.19472250520792841,0.28143569516241906,0.15028640476288357,0.006943488576281679,0.0010398001640304555,0.0017936187477716893,0.005180067857435009,S86
87,D,0.0018185517829356623,0.0022533471199196776,0.5891887791144732,0.08310591112344702,0.0021218895447880225,0.019441988919343154,0.0026024294809337207,0.0016471197002955581,0.004232996990526459,0.000501877244285137,0.0088903478514411,0.0538161915725815,0.00011340023367233283,0.005664290119178392,0.0012119825480921425,0.21518262956254922,0.0009244239237591925,0.0018353152843764418,0.004150406649960732,0.0012961212334413653,D87
88,T,0.025130327407482132,0.0023057662757769767,0.0021797325673276508,0.03186086363762738,0.0029495546551612066,0.0006713375920059662,0.006287611964594673,0.07556855470090193,0.01663102630940279,0.020313516050230723,0.011804569146412341,0.2896089870689671,0.1090518167758378,0.01609978222842532,0.009104074039207606,0.14449647933824833,0.1493017817830379,0.0014735284830900927,0.009632439860068403,0.0755282501161936,T88
89,Q,0.2174027528178898,0.015176588159129964,0.016752975444821176,0.09729470477057346,0.004179456195037741,0.001790205087320034,0.0089397553236394,0.00153572580892284,0.00220492219192069,0.03201619323195484,0.010053819255752914,0.009419199427263393,0.0004647237177480347,0.5404095058362873,0.00796674994347103,0.004637769085900251,0.002088094344364558,0.0030111614681680664,0.0180318938784526,0.006623804011381948,Q89
90,Y,0.0037794827152369116,0.01710565570626489,0.013592318022299713,0.006794279346159893,0.005118808610147841,0.0033726227020929363,0.011865530595656346,0.005724668554837541,0.005526468175359065,0.0027667699063212065,0.017002381313179722,0.018182101565264043,0.00182383312788996,0.0044574828218523245,0.004083422072807015,0.0035197972541315564,0.00410195932034354,0.0047994036392542344,0.01394459506684888,0.8524384194840523,Y90
91,V,0.02599855888175831,0.01400697917983933,0.0025178139786256742,0.0017335395042369737,0.120007231015816,0.0004601066884595795,0.012649052641448638,0.3322965458889251,0.008574592983855099,0.14439539577070118,0.009875755990560352,0.010547416683532106,9.464225365533384e-05,0.0007672055410605742,0.0002358643949274965,0.0015118940511536952,0.008145597783928258,0.30203130092137115,0.0028707993095133267,0.001279706536631629,V91
