site,A,C,D,E,F,G,H,I,K,L,M,N,P,Q,R,S,T,V,W,Y
1,0.005584080688400154,0.00787394709079315,0.00869785734351296,0.008863147132908629,0.009688532044942376,0.0063573370186162615,0.002484238310086898,0.18463671712749616,0.004911604592948087,0.004412007681180091,0.2603517917487624,0.010123777939450905,0.001025680815305704,0.009972581207033761,0.001285942965062384,0.0029643587755782373,0.32409714316846416,0.12298116513406675,0.014945390132190631,0.00874269908320033
2,0.007170641111524466,0.0231834945219298,0.02142713264868624,0.014655767964895284,0.018546141605568955,0.05316388451946589,0.023088055350498033,0.015696480030304442,0.027181224775089306,0.008394127118260819,0.008358374222637112,0.023922198564587747,0.006764408421668436,0.01862517992802284,0.6071802555730644,0.0170361732584254,0.011884651597505,0.015588081248122937,0.054129316099048495,0.02400441144069441
3,0.005986898977781807,0.7301662238018837,0.035717719047497425,0.01944546532786317,0.010498395843890923,0.011366053663841054,0.011689838096219955,0.013441804477891652,0.014464358395490295,0.0044411803050827675,0.01949733720361369,0.014678445405738727,0.0036434478336231754,0.013691228136149966,0.00929025904653988,0.015945499404760026,0.00764413592371261,0.007018617946644264,0.015204131466034032,0.03616895969574106
4,0.009688138728502476,0.02879133134446968,0.02325931810824476,0.025255108166805217,0.01814542919901121,0.010408597909479409,0.011432449308998838,0.48173853473079326,0.01219935426473017,0.018030334652549,0.0618164619947246,0.04549508922505569,0.005554128249962208,0.019667302540415307,0.006872693687513462,0.014664693408450882,0.025227557652118603,0.13755216688189784,0.02987012774859449,0.014331182197682915
5,0.010046761685843451,0.01378137844102508,0.015338283491848972,0.029577115730820527,0.009214132108005882,0.784847657060317,0.00915159591637339,0.006613214559073208,0.011172541905843358,0.0033395472832344728,0.028696691637389287,0.009599439547756937,0.003942549243582484,0.011023435983098453,0.014000958064651174,0.005715443424236535,0.0044603867364172356,0.005450897064721033,0.013806876865165555,0.01022109325059579
6,0.022985602245153613,0.009770343422069831,0.018844103087469633,0.01266191866795092,0.02083604384809255,0.009047958597935016,0.005355367543148994,0.34954715030195477,0.007954688051315602,0.008762097280835476,0.020946401806983404,0.007269069222571846,0.0013905044378538182,0.008290606873523029,0.001971157418015621,0.0025370213072855043,0.0038386222246040713,0.4608974680724942,0.01881075221250971,0.008283123378232362
7,0.09422148106754381,0.0062048932757090966,0.011764329403385834,0.03559204832991967,0.00425915487744808,0.05657209902748863,0.0012785122514654777,0.0021251203252395357,0.0018038230803926792,0.0266187724816402,0.04132463109287884,0.053471609976805945,0.06201277579478509,0.16766884638866295,0.0009062577056752726,0.06975408511807607,0.03914188789134254,0.0021813168751758007,0.0031094418641608276,0.3199889131722036
8,0.010402877960764398,0.013191525253012528,0.08904839034836626,0.026284650189673797,0.01229504876402474,0.007693600661828548,0.00815480248780706,0.010390868967028835,0.01732583338453825,0.0038790558372129038,0.025375897107988207,0.6620800539582384,0.003229510138937521,0.013949930117995557,0.0034528153672560603,0.015555413113991216,0.03364049664317099,0.0069954294666000035,0.02096725235934982,0.016086547872214797
9,0.02269039895696622,0.020626520299547774,0.027517716765060752,0.017642173899647964,0.015580083912205424,0.04168845755390597,0.014445862355439848,0.009918300923527827,0.032798289595025294,0.0050854575445636145,0.02503978023078228,0.014355665908655876,0.005784054800666047,0.016895037968355047,0.6403738334333968,0.012460102715807475,0.0156770135196054,0.012753597083833099,0.03277064672014143,0.01589700581286577
10,0.006712892276094089,0.0077731838864364316,0.8375441130332438,0.013602962265598031,0.006978008337265574,0.012070797090369347,0.01281051379100157,0.006874839362808246,0.00806992170553924,0.003090060255310193,0.02025013599740431,0.013569272373255212,0.0019015927193183379,0.007861779471527105,0.0023631319558060945,0.0024087608835427804,0.004294646825684195,0.009179256841055874,0.01809241874745329,0.004551712181286361
11,0.007861747181260483,0.01629346062099459,0.01389998103103307,0.01546233413766702,0.6980010220839986,0.006831396886340604,0.012771477483193764,0.02915008400739531,0.015936980173533347,0.006523593236122664,0.04055933579049797,0.012448592096059774,0.004103132814047995,0.014571367164122015,0.004299920498565863,0.022682871298887877,0.007334837760641446,0.01741795495628479,0.024442674153973682,0.029407236625379293
12,0.03223775977976664,0.018313395621234792,0.01565250036955002,0.027224862908333414,0.012856894276311403,0.011237401440216455,0.013661864204671243,0.027695834916018305,0.013444809307244752,0.0047981775874442025,0.030865765361449398,0.01311126387478821,0.004293894069097117,0.011635152234103373,0.00458129291051177,0.007351311364469083,0.005006545077358619,0.7048481648270756,0.02335598853039085,0.017827121339964853
13,0.0070991558450205884,0.017177728773332783,0.0017386984011262998,0.7021949551201514,0.01996899566695328,0.04109729993216543,0.009414580338771966,0.012992064451234638,0.021306702914904,0.01040569024941086,0.027002666270725253,0.016243863135232278,0.0038680280937773664,0.01925770148187336,0.004962969542370137,0.00550625382040752,0.008815618711591528,0.028690518345130128,0.02339281638041514,0.018863692525405904
14,0.025540288102722516,0.004895768504779799,0.02861257695386189,0.01646740281144882,0.01792700749762002,0.6848338274036206,0.011924282441274444,0.015048332550899273,0.025201092526372055,0.006200910897687924,0.028696396296483396,0.019616538762838216,0.0035654415679871906,0.016622919728635267,0.004088442233515475,0.02409693399133359,0.011085645561208073,0.013925524042617689,0.026058545106174533,0.015592123018919164
15,0.006563201367856816,0.008732792123690674,0.011833979730709964,0.009084565351518897,0.1360375802424019,0.004363625186290534,0.007747551364166561,0.03954027402003742,0.014273548358684203,0.008247502816843354,0.44040921033835173,0.013202478010626522,0.003113834939637771,0.008629678021003399,0.006490300463112368,0.003791997267134669,0.0685426642645481,0.04103458596831787,0.15561065358616272,0.012749976578904575
16,0.02447519169790698,0.009408111118559022,0.008187932872355882,0.005507003357229665,0.007056195262872028,0.0035170523366523476,0.02156828638364994,0.00507174883060373,0.007844161261352968,0.017523069225384515,0.017969282308213676,0.012115299495982444,0.004136344931873745,0.00709010275044097,0.016878996895873803,0.5162796868496878,0.28853743961125683,0.004336758775761409,0.011463560790362063,0.011033775243980215
17,0.01018704726301701,0.005646176694640115,0.029049926500342386,0.009423213441742087,0.015629807711404157,0.7708753806700207,0.010761271013071965,0.007280596286992667,0.013349898803253902,0.004045071461474246,0.03064556403498472,0.008262714149114342,0.003442111569981986,0.010939392032393712,0.0077469285002355545,0.011558565125179747,0.005013289598648288,0.01692868153808941,0.015734480050088217,0.013479883555324706
18,0.6463679130216945,0.004133350243950929,0.004651941144652046,0.01752364065534129,0.0070581320006560255,0.2620783182957206,0.004419510465977234,0.004750695017879143,0.005233882822988911,0.00215238430723436,0.013185184952496138,0.0038973793021636768,0.0018965636413600516,0.0048439282589189695,0.00473514181190988,0.0022920259436858357,0.0024120124436808354,0.0009913726900677051,0.0010221305253418184,0.00635449245428005
19,0.046670122962581,0.012059558700960017,0.014088160471551078,0.01728506794081503,0.017799047465063066,0.008579401222276102,0.007517294025393941,0.08553432607046184,0.013528173887820715,0.004764627679063284,0.020550498993666833,0.01077430140834848,0.004387113816973469,0.013311425197111556,0.005701492779663537,0.008639697838651416,0.661345500104849,0.008119901767916562,0.025461423067516222,0.013882864599316825
20,0.007258826161505589,0.0072124058898440715,0.011625648352811603,0.01064099189972468,0.011557587912396047,0.009605416794439737,0.01189499872510385,0.009778024528459058,0.011050199914619854,0.0015084332573388826,0.017733355966842116,0.013175352447742495,0.004359128650441039,0.010823743351866989,0.02510060882630985,0.008079514418781523,0.008224609120728726,0.006257317335313079,0.7997931284340213,0.01432070801170963
21,0.010388054407683013,0.016902321668594334,0.00771087673364614,0.006979243356648815,0.01387430532399446,0.004576581116819165,0.0047978343351598556,0.3407504865414273,0.0077524517547623364,0.17779707496059652,0.0174746044583322,0.00930212615156859,0.0013491619118177142,0.006856139676279443,0.0018035046521442755,0.0025175358690125,0.0027646868618705412,0.34508926289467784,0.013327869321911079,0.007985878003053788
22,0.008449517929280186,0.009672002151983489,0.7130739601302795,0.05373667576714588,0.01177110277086336,0.017330755840132998,0.017823959269441848,0.00741618941424622,0.011909323991114275,0.004806903876938977,0.024667714036752417,0.019111178783162538,0.009818909589413177,0.02115133038666987,0.004801529340057316,0.0071503557042229505,0.0071118708535506,0.011015011420074773,0.020885364784861433,0.01829634395980817
23,0.02415347374653377,0.009814092184954734,0.02098944846690158,0.008181765123369525,0.04103799070256948,0.005527244125872618,0.010674486200886736,0.18574143320221173,0.012719612075158074,0.009004949011522519,0.03424755561895956,0.01109192751753235,0.004279451982645051,0.015369806530340377,0.004534011804040859,0.003264913318865276,0.02824801349307685,0.5427881715710802,0.019342791848536416,0.008988861474942251
24,0.02407885662771495,0.020366386364905054,0.015189713355550116,0.014958564995429816,0.017460780806342106,0.01602588048720709,0.014439025453777914,0.15463335184492874,0.01851854929723544,0.017411801611506825,0.03401771051939749,0.014845514511932249,0.0076620858608115626,0.020655490418877143,0.008449877379511356,0.006358166199790838,0.008902226103266327,0.539477263361728,0.030138486948139278,0.01641026785194785
25,0.007025401411048544,0.017601700810046465,0.01480550042491891,0.017005917917154917,0.0028270996595830783,0.009371040009473698,0.01401225575766525,0.027263836216342412,0.017700446192211415,0.694705467947443,0.025290631416459885,0.015029620437831237,0.0028948596570013353,0.016673772977917254,0.006664648199172136,0.01970201445342759,0.008004528088620419,0.032126283099850224,0.034035028542754135,0.01725994678107789
26,0.007612425012356113,0.018955701518459794,0.019758908760317027,0.6730547100861918,0.013644495581736055,0.030049864043124572,0.009720456848825963,0.010603656065603227,0.048654638792421746,0.0059389165472580885,0.025472758938977758,0.011695766656726655,0.0036196860607768653,0.04636327060565831,0.006853890673803897,0.00496481860231662,0.004945361352215961,0.02072804413608177,0.02459703052240556,0.012765599194742232
27,0.06414524342451006,0.009277219376376773,0.03615545418610751,0.01389386826373605,0.009335306276490539,0.058558851953958685,0.22578714533201452,0.12832864856684456,0.016347377915679983,0.07162832303133154,0.03316944801166879,0.017130360997593564,0.005625070339167378,0.016014661278978506,0.017950571865752718,0.038038513862330155,0.04903799599805476,0.15075183386100302,0.019968785696788977,0.018855319761611918
28,0.2858853664251967,0.005792415180919756,0.01159291276265636,0.016090419511877115,0.0070403876876484785,0.36492086961105336,0.009608897191296597,0.003493798475091988,0.008124754099531154,0.002046514272020581,0.01382800708223834,0.012519195676910892,0.00519812959244768,0.013627414367643316,0.01113413186845523,0.15369392896445158,0.048638851002200674,0.008136412853390586,0.012395935854571596,0.006231657520397986
29,0.04995974798477035,0.1414435229584887,0.005197190447864695,0.012233460200860032,0.08227738003391441,0.06756296503525275,0.0014164819607570551,0.0015722855205712889,0.006332581074497503,0.19075309161942358,0.013706192357783054,0.00297300711952673,0.0004328991574950832,0.00350742975883247,0.0007052098886590067,0.1575506012458819,0.19271539852426342,0.0027888480793833615,0.023926475577413286,0.042945231454361334
30,0.006892382848596862,0.7168826582289171,0.012265390386986772,0.01315235561410722,0.006534888295532522,0.011130951769798428,0.020215093757041936,0.010227526825665556,0.01642939939420637,0.0056093518194580095,0.025059919679134252,0.015333678918104285,0.004663666800409866,0.016723499242118207,0.01588605598530363,0.03224898077217878,0.009547916818482128,0.010004849547087366,0.016153325675059626,0.035038107621811136
31,0.03721135035923839,0.012050034264634737,0.012907510480924858,0.006005552098833707,0.013557004161466353,0.0032092683083141276,0.007997807874265633,0.019177921538818518,0.009820893780069088,0.023060148790964394,0.020536319998333993,0.007881564913526307,0.003146929770417011,0.010089840211905671,0.0035683396587584833,0.0598578893118305,0.182814024465262,0.5453049103624245,0.013826443869584213,0.007976245780427708
32,0.025489838087586467,0.007701664173290011,0.010785761968321669,0.011435916833042209,0.009435302045091356,0.005766470620229129,0.007222275692981576,0.013085857927598832,0.012423356572999901,0.0033715262845515587,0.016728522226217884,0.006674851700900205,0.003296483144159625,0.01057482411620663,0.0036522534999965683,0.014279746063066525,0.804900377767164,0.00561765103670836,0.018627149533887295,0.008930170706000214
33,0.023865217160073046,0.015400698506114507,0.010366068253081458,0.019055889957306893,0.011155460345579927,0.015257274007061927,0.013752044661572533,0.014422136394399968,0.014180829571679954,0.12868525136347775,0.10346868676708125,0.024111297124438807,0.006037732557245451,0.00906010470296753,0.004994851969494321,0.005853956773963422,0.008107144926951589,0.5387102367382801,0.017986789089395855,0.015528329129833726
34,0.012006288515862336,0.020779418938683257,0.021986251788159956,0.013968363910079218,0.01732567801322815,0.007806045097219233,0.025410863778908485,0.00963178145083724,0.025716060493833,0.07809537809882355,0.5879450477995475,0.01795497925152897,0.01075592128056438,0.023500217285908852,0.01235371606606681,0.019862364435596008,0.030718853448509914,0.017765564679371692,0.019607196871714902,0.02681000879555662
35,0.3560954451835563,0.03587177088599681,0.01083979419029836,0.0006688031572100686,0.01466911364150878,0.24769270143696528,0.006716373866988107,0.010989956736241644,0.010811469992685669,0.0039937787906800856,0.016675029106968012,0.010637028779474353,0.006719349004682923,0.009773544273156192,0.004032353569607108,0.17217070097374454,0.03616645082065611,0.010716018580603495,0.022939478284728577,0.011820838724247634
36,0.03123000392034131,0.02162922194669208,0.013779035719044708,0.12109484113563551,0.029121138640310257,0.004232733763986643,0.06497467777089568,0.0984000485018035,0.08713864304287666,0.00787518660641146,0.09826151178531219,0.01802070802410739,0.02641061635435421,0.12715731791847026,0.06410498484690336,0.0328476789329819,0.05083341496976402,0.010909435906599927,0.07372190054936174,0.018256899664147282
37,0.16023655351278107,0.006821782440402595,0.14169297703556996,0.02405027472744961,0.017823183906325053,0.23768961462342716,0.008592979348587717,0.008342370369705662,0.013947873827145088,0.038335431618228714,0.10659836442035871,0.07708992209806981,0.0017472572282216077,0.011563323667417582,0.08036841953698598,0.026168852788067635,0.014380133031533545,0.004807415450840901,0.00991720644184854,0.009826063927033083
38,0.026618123896073594,0.018646886073890295,0.018612122924612243,0.02174054303119891,0.01731476631310321,0.005930222684623687,0.015854560876211808,0.013838562377198521,0.5493644255433989,0.010879349758466913,0.04846170270989256,0.0027899217580559404,0.003031720212013494,0.013931811737398237,0.1672074407541936,0.004601695231958543,0.015985206916360118,0.01327231988583257,0.0176705531038009,0.014248064211715962
39,0.005128609447733274,0.024306829580675662,0.018778009045032996,0.01803991345161942,0.018724242667474158,0.011514910777752192,0.011744865955094478,0.015507192104828696,0.021188962510811257,0.024396708623560925,0.02576121461807471,0.02493681848779657,0.6590362159687452,0.0017260784237135005,0.00621590033399601,0.04799398372664538,0.0024200601733061016,0.012778902128981626,0.02677207691658599,0.02302850505757184
40,0.036824187833642136,0.0246788137437131,0.013220843844554575,0.01242359950619038,0.016303167109512292,0.010455872078492481,0.010261380629417146,0.016868751518238103,0.02565946399931276,0.005689944179181107,0.029926870753350276,0.014228717532162394,0.0071620674006651714,0.016097033296421162,0.008253293872971532,0.022480357926386373,0.6725242764444791,0.010585247582100159,0.03206313400333899,0.014292976745870704
41,0.016614929126970802,0.007725845698825039,0.013215227517208451,0.007384102072008663,0.2358437041179716,0.0035034989976913352,0.009685665152902668,0.020130768895722708,0.01028341189124682,0.06800603392265132,0.03882341303788183,0.00814795509003313,0.003302846223694929,0.010474965179989961,0.004433459270952045,0.004410280614197828,0.009369906358629014,0.4956944473289713,0.016474252898504294,0.016475286603946343
42,0.0069154847809831665,0.011521346182579826,0.7285461169025095,0.015736643496294604,0.01932019272227097,0.021570058914298213,0.007834919303495107,0.012291380249081317,0.015407894197935479,0.005126806313714279,0.02857562155902142,0.04654032938465816,0.003982184571892229,0.011725610597270909,0.004972183202271187,0.00451644731059869,0.006264988475766432,0.017126694614404196,0.02178648610617682,0.0102386111147776
43,0.006042394968949631,0.01286074258216991,0.01185881457001513,0.011825657077761587,0.02424506073556056,0.00797665670077431,0.027914586829690984,0.3702733162062084,0.022489723248667038,0.23147757640871233,0.0983734530986042,0.01622090802249446,0.003179324659547275,0.018604669433467072,0.011273331114532966,0.00472918125732083,0.03253332625280607,0.04950373356600999,0.0240751042151726,0.014542439051534748
44,0.021212396882714948,0.013083890198904635,0.02971069016582753,0.6998823148378253,0.01255699395806356,0.017710651619854398,0.008911941737021657,0.007117695342941975,0.028602611253311167,0.012183079407790785,0.03620234908730166,0.011774438686054822,0.005423108756419962,0.025058499750409205,0.006097833935930951,0.00502916284076708,0.005982383141654381,0.015320212899905929,0.028246018556666714,0.009893726940633391
45,0.0101960578683613,0.022373168786279776,0.025401308319750404,0.01542841211314045,0.005578043274002121,0.009345601126174939,0.02014018954917739,0.04571733662108718,0.021774677401262404,0.603435883794972,0.03647095862514266,0.029035075539324162,0.007376433065984875,0.012326660317705518,0.0063936225838610765,0.03550390765427148,0.011521261197089997,0.01728008560556247,0.039631734156499766,0.025069582400349927
46,0.06173438673085926,0.013427600258015843,0.03542949193804714,0.05219247415088735,0.01856660323252868,0.02996459162300025,0.009276272063239359,0.030532317864509027,0.013937465006124953,0.006847154112264739,0.025581434040945133,0.013084693660574171,0.0027074200271661624,0.01427271323260433,0.006409228494495365,0.04534880454844089,0.1627166901520907,0.41773803909684365,0.022453515345937838,0.01777910442142516
47,0.2782650301602788,0.004563300933205347,0.005431791979525286,0.004380572380207768,0.0050504809683369414,0.1010783569937273,0.04700450792432737,0.015693321333335255,0.011001443898322985,0.042402228231265625,0.1663616160688909,0.006157269888596371,0.0008074209127073339,0.008311853274815048,0.050005038487231056,0.03283757386795915,0.111513793292762,0.07870720805702179,0.007130823116081601,0.023296368231402007
48,0.1230214499345192,0.023042062090015917,0.014693498975702407,0.015459093737911498,0.017799563328196145,0.008227921893387773,0.008059430666498052,0.017363351485465733,0.010269189491171686,0.01725895437779566,0.04480828727633834,0.015763765120040598,0.009233904771630072,0.010649940641485578,0.012798605501140833,0.06820853805115108,0.4507722863082763,0.09291616003906024,0.01758330368225107,0.02207069262796177
49,0.01397574644684929,0.007242605180357932,0.008541335273216181,0.005098574298812044,0.003920703296681983,0.007919135749623123,0.005872808964228955,0.1444711882194197,0.011245955782620089,0.007389023394470594,0.1629881491026395,0.009374118281532165,0.0004327119958328156,0.002930274206980244,0.17023061555663097,0.1361902357704801,0.08555990550478554,0.15067465448614423,0.019527241175215166,0.046415017313479356
50,0.32812167878279536,0.011118284574880892,0.013047965910053602,0.009514293544690952,0.0496596667126075,0.011272556125494744,0.007157288602605327,0.011677836085732411,0.010474882675166193,0.015603716169534218,0.023725437448739447,0.009048332301640651,0.0014558733110262838,0.007440396626396888,0.0033602415283077343,0.0029420686711006984,0.006874095054853427,0.45603911571498873,0.013057563806947373,0.008408706352437623
51,0.0245407880727324,0.024255580334597668,0.01723951544711081,0.02045246272230741,0.013500247099817562,0.045564359861107205,0.05556685384417826,0.009106094827586703,0.018096929874377905,0.012359233532149993,0.0422365850110433,0.018271897630248946,0.0034313272204948633,0.014997537518060109,0.012671952708018719,0.47575237979532986,0.14543082137776506,0.01084231052959713,0.025173996491529935,0.010509126101946148
52,0.0046825061168388905,0.011184957144413364,0.024557101607236263,0.008480403703527295,0.0063529219500713385,0.14650318634251044,0.07458732226752475,0.010928713094476553,0.007011522522332954,0.0024016156315974364,0.01670826987354233,0.38013062077414567,0.0017188373910802471,0.18793840249285224,0.004028058634449415,0.028303099976177387,0.0034556376331365476,0.005724187213827816,0.03245337756583872,0.04284925806442038
53,0.004791063708459479,0.024604270614284347,0.013606927423703766,0.008617337233733535,0.013593624477971385,0.0032675095488341305,0.00814988973349197,0.003377601253274285,0.009498362619837194,0.42506118696473516,0.3989023143999599,0.010704622724818669,0.0032783549362815005,0.007789123020530814,0.006272305087442104,0.004336792123980478,0.017434281441686194,0.012727819448938518,0.011236028015167968,0.01275058522286865
54,0.7395073974748426,0.010649658537574061,0.0014104604642716757,0.01443119720532352,0.011394165354049308,0.010838013025145374,0.016445500334545973,0.010597391188845812,0.014711402064496204,0.004795304102337966,0.019978231016321443,0.015618557759565383,0.009500236862316656,0.02699433401729814,0.004562181803075757,0.0019919928558143267,0.02421166834721829,0.0274770834434739,0.023722269235599624,0.011162954907884005
55,0.06792611870346167,0.05443231397229235,0.004172255460908297,0.11668144524406741,0.004606081235916277,0.006546079442980933,0.015052314095468153,0.005977090623144241,0.012662203342223718,0.039108086317293234,0.016768233158859253,0.005567154174121452,0.005298422987167258,0.2855032634914983,0.007894178013662205,0.033507626059635205,0.24466872255534647,0.05393711348461105,0.004724418849437015,0.014966878787905596
56,0.03566016912912041,0.00726068662789289,0.00956060325178082,0.03800336190461129,0.008134402068209439,0.005288258078108794,0.008805921728585771,0.3473806889479865,0.011529596223055978,0.0027982892939242177,0.01972604495692835,0.011872983617937719,0.0023413486650677843,0.008947717121840998,0.004032305945257608,0.0029985631548205076,0.007704950131301887,0.44271752604341374,0.01838000714176375,0.006856575968391448
57,0.03279719497474482,0.015030534122789865,0.016151774410776847,0.01723745401622728,0.012070729803382094,0.05042560768201171,0.009757607984275067,0.014915166093105281,0.06012157879499692,0.004470455457986287,0.025279497054895267,0.014748479177438179,0.004884362110851616,0.010485476516609325,0.6532904625995849,0.006300122014001094,0.011341115830174263,0.010893582812203434,0.016639084813231463,0.013159713730714303
58,0.09334034071676577,0.007147660399295452,0.05045371780542438,0.02273204535682553,0.011694833926882711,0.05476568638918574,0.07395910279469634,0.010476830889115623,0.005976203530924189,0.002458266479120676,0.008412921969303272,0.07250658874179085,0.003788690419830485,0.03962129688755755,0.004172554479370922,0.41939824034386136,0.06021541103436604,0.03961847302652898,0.009225171782457537,0.010035963026696633
59,0.01045009584489045,0.028382111653336938,0.016066934582893662,0.012451617097762902,0.14839749327220966,0.007038944118184266,0.023789187144498614,0.011117926671404037,0.014083444901378547,0.006099805616409122,0.024048217761462095,0.02343610987415795,0.005273012628538235,0.013976444038914885,0.0057566982330233725,0.009562027380338555,0.007456187214821031,0.007586697790466509,0.01923529639915732,0.6057917477761519
60,0.006040411540803669,0.6997034332122203,0.016919460761165146,0.013564487747237541,0.007457303446656252,0.011608778758930969,0.013831617807697453,0.011329601255831689,0.01818626358773711,0.006437115156207073,0.02227545555422493,0.015802167327621262,0.005521704792047896,0.014604681602520403,0.04945991687165022,0.01051480303923216,0.009955078226752288,0.0074903383023616835,0.014298375047322813,0.04499900596177906
61,0.00480907144294298,0.038455119341213824,0.013076923869415445,0.014572002641543015,0.05771919575504838,0.007346395977790232,0.02365191825875687,0.02408535326598726,0.0153513039665106,0.09704587368679818,0.02761513764613153,0.022214594244522847,0.0018266754757698563,0.014437691010175821,0.007173283997555985,0.00449981143289482,0.10169151350199106,0.06995159235175163,0.020310606963833546,0.4341659351693661
62,0.0649699491613245,0.048474618528283324,0.09049555134596983,0.40291677040997365,0.05598094462139654,0.019037710781372043,0.01781621786994228,0.03066057980570611,0.028692684653192385,0.005605004251917713,0.03876537051656035,0.020826925903346796,0.002363823906707785,0.02717878297964668,0.0063679799209478685,0.06825687226782447,0.012715233893753118,0.020647710642537894,0.014826140369137769,0.02340112817045885
63,0.5555758469801254,0.023264729123403497,0.023788271378435574,0.002504517104630521,0.025367318614389123,0.038132526010420706,0.018650983233859247,0.024406526518712324,0.025787487396734712,0.01368477539185176,0.04237447735474481,0.026707851167456536,0.003586040122760356,0.02435955434767337,0.009302380190024002,0.02376632420939063,0.01796844786897496,0.04702228349554186,0.03382406954697481,0.01992558994389571
64,0.049312930378362874,0.0072997858035416365,0.008152595570367217,0.013062568378578589,0.08097967797151376,0.018099911985316186,0.12216521733558257,0.007162876546305669,0.030456839348387454,0.06425123173636445,0.01569825707545631,0.13629939928841395,0.004422313540062248,0.03513605391004335,0.2142001113953914,0.12184148437500786,0.027611621727333478,0.012506788751335587,0.009513649112475727,0.02182668577015967
65,0.009276577020423392,0.009878200749035067,0.007243913181430781,0.007127535540417285,0.0071108888574136315,0.0037529742840256715,0.009501459682370985,0.2857570275484515,0.012048522483103124,0.32956854094589816,0.04461988744558413,0.007498457511691592,0.007742075118280233,0.007281093802081595,0.003077097197400057,0.005299715332905855,0.02148438631921133,0.20500388804294398,0.010628021070605466,0.006099737866726199
66,0.17578587162478607,0.013333503949855193,0.007691356714065398,0.017889390647239684,0.01867601928867207,0.01813581245129634,0.017536051491730806,0.0643235167571344,0.07709834629628044,0.031778819526810644,0.013038688444394325,0.01623697495284689,0.020424517832552693,0.006506509412710433,0.043016868090235034,0.24419083140806075,0.021896565514951002,0.11748795528353616,0.026213395802147665,0.04873900451069401
67,0.08094743578224652,0.010976501661493101,0.4008523189921917,0.1251224347933726,0.012713025398246038,0.026465479390228197,0.036455481999209664,0.009270646172157442,0.01175481756723649,0.050634438798226676,0.033021555777480845,0.06190204484375631,0.001291393035610935,0.017247627318115775,0.006586988720143107,0.04604901058443736,0.003272062953537163,0.025500135824126875,0.03529126763325637,0.00464533275492683
68,0.021714100115900744,0.02247080394483024,0.009043089972713504,0.005345258623386012,0.009652398540329976,0.0025246870643922097,0.0033968041988806153,0.07839822255877606,0.0065790506574775545,0.04559948039037336,0.18401994795304155,0.005478508426728784,0.0013790981434913818,0.012818444048633635,0.007704867045669234,0.05289473843563645,0.3732658406284119,0.11326442817773467,0.039416847449729404,0.005033383623862784
69,0.10645786790849061,0.1293523082385558,0.0006321197301615784,0.004713319366350655,0.009967054474086157,0.02239317694037971,0.022556888078601785,0.03762038654906668,0.005449412679408991,0.05905476861055544,0.024081750880150913,0.014284318823470974,0.0011760401463975997,0.10252577282784057,0.10597742322316334,0.010340690049511743,0.040124098647020975,0.2623866717119438,0.02575887469327458,0.01514705642156802
70,0.023223448531558933,0.02206787730133888,0.02488660820765327,0.00897958315936192,0.01670620718052941,0.00806382402522581,0.012265208228365085,0.02798616853312849,0.013321647344517497,0.012599105122007709,0.02611485204935873,0.022081638145312336,0.015453219370640937,0.012757798267974874,0.004749729520476471,0.5504803853600114,0.0827163760006101,0.07806642877183197,0.021848319057943596,0.01563157582215253
71,0.05252462972611869,0.010299076001931034,0.4401519207503828,0.1685664029393873,0.011944049245730053,0.017348466004677935,0.02338568496355649,0.02945307490077398,0.020030247058684548,0.051052323935815484,0.03437013564029106,0.0398713562896942,0.0031193503527178787,0.019356211447470725,0.00654680094521939,0.018217836538970234,0.011200425838201094,0.019161625804368327,0.021630018312548464,0.001770363303460343
72,0.11156171574805933,0.0203282852213875,0.012787239495258396,0.011268857942807325,0.014977162661307102,0.06069970087800596,0.013641872142983126,0.013181290102097905,0.014913042987044415,0.004806358231539833,0.012869289921416295,0.04471785389778917,0.005449840482606686,0.016253207579347718,0.005935377013745381,0.5625534425287296,0.03715587324602387,0.00727702959781591,0.014326363920799147,0.015296196401235288
73,0.013215942088664188,0.03258293731134233,0.019183055200824202,0.025259555190919953,0.019169120830753877,0.011561812181982078,0.03588745367982274,0.020763316677196112,0.2567474597981596,0.01049734318131415,0.02994155989079329,0.019076951574227122,0.007148428883870667,0.017546480296542516,0.3993380188769808,0.006604718750852894,0.012045130526624875,0.018311394899533675,0.024834263063774408,0.02028505709582058
74,0.010476319464639386,0.6425273621403522,0.027349347905600934,0.02140482372040504,0.0036903478430747876,0.015107476060141194,0.01623478881008567,0.02022062225090556,0.023311112651794988,0.006778254095450901,0.0317788988050054,0.014084455454908834,0.00471350752245922,0.022715856366836568,0.025204455090938858,0.016896679020277364,0.008921819045183998,0.015840349335791513,0.03643067061796134,0.03631285379818621
75,0.008506919111134019,0.02110085675887306,0.02125457103334327,0.018890643614299353,0.028255584645389385,0.010438286969658326,0.008351918200562441,0.016088355427710553,0.019391883790963977,0.03087640717103683,0.03505672152031466,0.019342951864953415,0.6684619659079631,0.0017181250165544746,0.0050593497041399585,0.033699199387780134,0.0028531969570450458,0.009380055981895218,0.023139472097936296,0.01813353483844633
76,0.17490678712675653,0.01672630528320598,0.017271907097464415,0.02046563512600146,0.00967466062025918,0.01626127511520457,0.009905004841685596,0.011862125063853417,0.006298279313864834,0.0036104587997468837,0.015935267557479444,0.011186816518670603,0.004528661359339495,0.011855960971443808,0.008012334424934084,0.22815084237916786,0.3793164142747038,0.012793275546981868,0.029113044202976734,0.01212494437625951
77,0.02560606019319625,0.015062867738174111,0.016400134857743037,0.08008787771672633,0.0149585216661945,0.022658799002565084,0.012355492663819148,0.012414476859226607,0.010797179727550779,0.005565012632847152,0.055279899996094374,0.043969458856175814,0.001638444195468541,0.6026405740775624,0.012286830809998749,0.019401056587734365,0.0047328171759536105,0.009973849048329939,0.020643365001274495,0.013527281193364745
78,0.0060771119001768875,0.007392476173230461,0.01765089577582471,0.010816120786428038,0.011690483234801577,0.7865694884416453,0.007940305358143508,0.01014992304299719,0.011808162375481735,0.004487071752595328,0.024143797877645798,0.0117316331051054,0.0036118428245898878,0.011317697338945477,0.010204351383770559,0.020523376422568785,0.0051184095163489774,0.008737094139007525,0.017653188046072674,0.012376570504620259
79,0.03219484197814324,0.030558923429057427,0.19658745796583954,0.31785525013001886,0.0229684739814895,0.021264210610994937,0.027742501344720182,0.03203487551447969,0.01028356280346221,0.009403284918055947,0.04317442387839785,0.039524114115003825,0.03379831791525587,0.02441125967354202,0.01390875576717209,0.025534318037065618,0.028283603401111326,0.02052595117958422,0.047600371636242554,0.022345501720363082
80,0.25901723515820824,0.02671658012832394,0.001067680611544362,0.021669098875680554,0.030834721917772465,0.24922636712958793,0.017036628637328133,0.031533086172747526,0.04472781094690361,0.014852201343310093,0.034331624576899575,0.04601108358221174,0.06109734592539227,0.02845085440753752,0.010434541316924529,0.0014556027848144678,0.014001538576281163,0.03495328526227733,0.04930627610847422,0.023276436537780377
81,0.02361088869669131,0.031069903214397815,0.03239023267878254,0.02776871835930983,0.019195558448154584,0.058144688746297524,0.09517789373475631,0.03420880666917682,0.02193434357263868,0.17576662059839263,0.032657338806837855,0.03940310658689566,0.0036959516483589753,0.012771575909197188,0.014141601339303748,0.030130069873300674,0.08595370415202848,0.028355015426115463,0.013044747437998508,0.22057923410136548
82,0.007986706920617946,0.023807775018640606,0.021147578605791775,0.014746543407788602,0.03457001354539684,0.007083634271483897,0.09019557283404293,0.1474969611321267,0.020566531691301782,0.4797311929001442,0.03404091616740082,0.014912517114964373,0.0061664436700256025,0.009763887739499778,0.004410617066561133,0.024910244720106434,0.014809092974384782,0.011763022532312387,0.02135802988632982,0.01053271780107956
83,0.14947900320564364,0.003769574605754612,0.14869193406939493,0.06226131070281069,0.0033005649684901515,0.2129111848582292,0.013065131658539715,0.04475356436976561,0.006585668557716358,0.04556229516750073,0.013438952298991384,0.035546302181909135,0.061918094527425256,0.04123581880002413,0.004389267840006048,0.03297551651485788,0.0681724250311112,0.038989566750292325,0.006760248348349134,0.006193575543187852
84,0.0313749849173441,0.014088280224054638,0.01084588398516692,0.014614137614930562,0.0171775655961595,0.05581026315060995,0.06550962984603753,0.019685315238618138,0.2344782693574612,0.016800322013214148,0.050405841601257766,0.03723885875247303,0.04493173347475116,0.09043753071384941,0.17547601161568874,0.04162747613441642,0.012393575522397544,0.03479067672092961,0.009998624135240374,0.022315019385399343
85,0.00992392746797561,0.045970395238824346,0.009015219273541923,0.0182136477928014,0.011070925890658242,0.017215461485954486,0.023738131042828233,0.007496760212567539,0.0032767046104414063,0.02636894241655427,0.2908340094334872,0.024196278313989506,0.0011360896892092605,0.28320591033554493,0.013662519603915563,0.035075388448700805,0.008401553475615173,0.14184035426195551,0.018674791117247125,0.01068298988818756
86,0.08510110266517412,0.007614439569836417,0.010298824294300834,0.02172145541405458,0.005455192020860745,0.06494528421050731,0.012383705686954564,0.11271877991334743,0.010288553238040178,0.04735506271701617,0.014774788306303627,0.01409772963205099,0.07505791632733581,0.1572679667510077,0.1769100960510239,0.12369875381521328,0.019795839132250848,0.0055781678299508045,0.013412087567498718,0.021524254857272024
87,0.010991303270866318,0.014698752504434845,0.3950470748532222,0.07414558341794113,0.012179108864576642,0.04754553022353181,0.012612405443207892,0.01107348898176483,0.0261957676207671,0.00540113414472668,0.025744845302956162,0.11046845679724887,0.0019513777891641056,0.016483084956893438,0.009132961781379645,0.18509837943908014,0.006253186486386277,0.012473423623589004,0.0191414366207029,0.0033626978775600468
88,0.0425012739222159,0.010581838186684601,0.007297892439970573,0.026826664773133946,0.009185639025633097,0.00385171226139967,0.015457198849739095,0.07794732892241978,0.03811659804384578,0.03498627055272444,0.03059348255134321,0.13987330052782054,0.11967135380417188,0.025980418078155692,0.0231448137020337,0.12825076469650773,0.12437157113775776,0.006607942746135215,0.03178925399609925,0.10296468178220815
89,0.1757338912166098,0.024907052586313583,0.03243540955070263,0.10919933820898346,0.015559352541178538,0.011074285256867699,0.03205289797350172,0.012489825963467227,0.0026224860907775975,0.06982469367767641,0.03593026874535443,0.02717551683288599,0.004576541143003211,0.32918419594828224,0.023154968717437382,0.015733176636161996,0.00990624912420522,0.010946482677790114,0.03895722663450724,0.018536140474293538
90,0.01589436393224269,0.04781777364474652,0.03601546538815555,0.023025112070947696,0.021441700034254843,0.019649178920881968,0.0459599365370573,0.019514780572865518,0.024560257444449545,0.01233299436095143,0.048779029297770594,0.04351449507112836,0.01314771244517729,0.02244824922459764,0.017447051888104637,0.024693697565847595,0.015272782731005581,0.020058471007022197,0.0555984130062373,0.47282853485655574
91,0.05130745193915861,0.024255393720064064,0.013974765351069646,0.010122955917344705,0.09473438055258425,0.0035710047391636613,0.03984621359454022,0.24255777920748647,0.021329122379389377,0.15231474796390268,0.021213299859298585,0.03361182190705921,0.0011785682678240887,0.006376948286314718,0.002754371496974654,0.00844576888506242,0.023099952346664204,0.22739082024183066,0.014052945165361888,0.00786168817890587
92,0.00825736760341001,0.6051480690380839,0.02147902831401938,0.022156380055538948,0.009095801628650542,0.016481654346309618,0.019253950926003138,0.014727194627418519,0.024382758851731745,0.009944271849933807,0.03360037447763078,0.01698820069777792,0.004591767997990323,0.026056302868605222,0.030489353239828144,0.022563472261875956,0.00793625378108058,0.011980092461153913,0.047291212221193736,0.04757649275176373
93,0.03855729009239369,0.03466692219782081,0.01681805736323165,0.04033359467930777,0.027103956364720048,0.08040659920146492,0.02715369028694985,0.017767394398129795,0.4022278679874544,0.0053338446141137745,0.02952151278110288,0.022370026525279297,0.0017523329200020085,0.14634486244611958,0.01235627243411995,0.008423419873665449,0.038998361013967905,0.009049149870769088,0.0250102058036869,0.0158046391457002
94,0.08867846645037435,0.014642240731340165,0.0292224968867003,0.05315980513691143,0.014917960937293223,0.0327526131655167,0.012850739963142255,0.004216169349210403,0.03733058382650561,0.035961849768589384,0.018504354148060422,0.021528527192932967,0.003981698026321221,0.0250840581322206,0.2975234912670663,0.1917254144124687,0.02461105145381451,0.040091328750302996,0.032894793893845566,0.020322356507382896
95,0.25950661290507965,0.024638233291208334,0.014114484992913545,0.02229502777303756,0.012871681965531559,0.010099497587377071,0.02365071227581914,0.019270319410146616,0.0356311759591242,0.017798339762864244,0.04084164568442431,0.08513846344156158,0.0017267969076141243,0.03619503899800201,0.04241715467870929,0.055120980838819306,0.22991733519426494,0.015748432404803527,0.022552129813396462,0.03046593611530256
96,0.007557613609245821,0.01281627289771683,0.01356945442309817,0.023381919838465447,0.09755100810067178,0.008056674300278245,0.011566169908149605,0.017507974534846635,0.013775638506023416,0.4613052272038524,0.058241517144010733,0.016334076640781143,0.00505789679869795,0.013484690946558285,0.005357920173627612,0.017334724696484078,0.006835920538044376,0.1189817246789084,0.037254934552637224,0.054028640507901904
