site,A,C,D,E,F,G,H,I,K,L,M,N,P,Q,R,S,T,V,W,Y
1,0.005437556649137379,0.009064911572931074,0.012163267005064274,0.009179523162457397,0.008687491342203682,0.004281579494553545,0.0033388634398087043,0.17964296839373775,0.0038878525824217517,0.004329217905088196,0.27924780489364726,0.008541893400570877,0.0012400912130245037,0.01158866365961936,0.0015852119990828414,0.0030962155497686467,0.3165428185392123,0.11259060843397133,0.016822064636249415,0.008731396127449725
2,0.007809283497731713,0.018669357770693534,0.021457740704545158,0.01818744851502822,0.018149758394769833,0.0626363239076866,0.026098800525369573,0.01587839463427007,0.026582721504060835,0.008209933648979794,0.02123650071239881,0.02235277226107647,0.006952626289036798,0.019684927798245058,0.5798802035991845,0.023506588633614104,0.012991637276954923,0.01277575445480863,0.05211109753229021,0.024828128339255157
3,0.006306179445793759,0.715621767391934,0.031189384995108288,0.018933813329798235,0.019170823269126253,0.010131347725850096,0.011006578923502361,0.010955898181915067,0.012948168183017203,0.004411682532836414,0.019899297870609067,0.012324293038995461,0.0040826935753115546,0.013882837819810397,0.010873547886188972,0.01609997140760437,0.007397446684696625,0.0068392139859607326,0.015366365578251181,0.052558688173689916
4,0.012582288848835976,0.021174786961234232,0.026133703552339228,0.025855116328144273,0.02109002317009657,0.014895835229674336,0.013629535783363697,0.43667930846831443,0.013627087038251778,0.01670273845096853,0.07405118485015282,0.043320398658924196,0.006742412195476555,0.020199046799483245,0.005228837930589901,0.014980817633458406,0.02757196486406154,0.15355341341546105,0.03342462663753176,0.018556873183637537
5,0.009296291828832971,0.011905374838629043,0.017206267451059836,0.036910802495011746,0.012321304578182151,0.7667601211931249,0.009186914985138718,0.006683287307400411,0.010622524966805316,0.003287750034648185,0.026394591606340407,0.010509536094371608,0.004116326916914115,0.012365205911678619,0.012494703583222402,0.0060810993539125655,0.004521011453005215,0.013316014335030012,0.014954789907972499,0.011066081158719222
6,0.02249698080469605,0.009540158917695917,0.014212385311457637,0.01438074017029445,0.027840533343461715,0.009429620481860149,0.005420227118643523,0.3587940186601126,0.00729444027912269,0.01084768182036309,0.01773956101258944,0.00740353395330137,0.0014295173025768446,0.008405405731208423,0.00211173125393416,0.002260339626024351,0.0033983028492090305,0.44985301480733675,0.018852802324620388,0.008289004231491379
7,0.07908305637429086,0.006630241888005497,0.013944541489592824,0.030143740489911544,0.004388542352737528,0.03652391270659837,0.0010296832208815537,0.004150861587274336,0.0017670513366988838,0.02673268181225015,0.04329092864742518,0.06121940931691355,0.06699832357015578,0.16845342789410353,0.0012711097341344933,0.06926355335274302,0.041707374373718555,0.0017199325644815771,0.0027689652241494754,0.3389126620639333
8,0.011851610980215995,0.01338883520560421,0.08870152848516277,0.02123420161527151,0.011416480903494683,0.008156714955832757,0.007721814562700995,0.009659835783286509,0.01968603075056141,0.0032963354713786337,0.024510523770399018,0.658015038451497,0.0037213763861801974,0.013978732526802318,0.004025369600676908,0.014180141975601829,0.03708776129732963,0.00834217271565253,0.023873609804985735,0.017151884757365315
9,0.024655316187920457,0.02296820750006674,0.022306094684560473,0.022274798055874,0.016332962883115705,0.04290581714465882,0.013908403974062405,0.01778619896921774,0.02867355577133766,0.00691077302018735,0.029576118677445834,0.013743953979748022,0.005054090313137982,0.016855107022340655,0.6322706815630591,0.012102447247090175,0.014708958084715493,0.014119504436515754,0.027389384617910812,0.01545762586703484
10,0.006600475495078712,0.009144361644415648,0.8318410344100108,0.015569589156490551,0.006603122594527754,0.014259993690737336,0.01339727517681393,0.005764085535243214,0.007581077218252095,0.0029200682390198586,0.018342766661822173,0.015155878035402892,0.0019581255272665874,0.006922617841706305,0.0027703403627844744,0.002549656709130051,0.004390606101616398,0.009745325745301557,0.017770283617075288,0.0067133162373042956
11,0.007979400742285439,0.029001387557019056,0.01540490778290403,0.017558370598586236,0.6678157346010797,0.007840966843570288,0.012068574832121754,0.03171258885133299,0.012481244736537682,0.01201565239347848,0.0333816918809931,0.01474228505427404,0.004317870963498823,0.015260456407958834,0.005110281771059669,0.023746099346229833,0.00651021247474737,0.020951663662655134,0.030316783990648563,0.031783825509019
12,0.032758395162824756,0.015606767317155108,0.01653295386073877,0.028040842198827687,0.013560237628055286,0.010327307643148246,0.012150746498999256,0.028757921556005983,0.010943619935487897,0.006873291693561223,0.053334815556536984,0.013705067043977432,0.0042703860555074425,0.014936892227926343,0.004784111266720286,0.006512842146643753,0.00504873240248182,0.6839631182122945,0.023371762313870687,0.014520189279236477
13,0.006128349500904936,0.017015362289524567,0.003883947859768974,0.7031090805196047,0.01622020771455739,0.04162272928697978,0.012859746082867435,0.015431909490416456,0.021974950742321683,0.009948727849326594,0.022259649349368648,0.018393463427251427,0.004372741028913403,0.016153439486353054,0.005069103295958672,0.005723737076335785,0.008589955839761456,0.02645867648533523,0.02282968330120477,0.021954539373245013
14,0.02418724705057591,0.012032703992128977,0.031122459553298325,0.0211649890817503,0.01786130880511695,0.6781746717916425,0.011483941536730581,0.013706707679060176,0.02179815141989529,0.005294590714612637,0.030831616312597076,0.014710402583296353,0.003219769478506321,0.0189078231205664,0.003891614067525074,0.022056488517252674,0.010082229451210433,0.022440180021323575,0.02385829121855733,0.013174813604353235
15,0.0050744130173937425,0.010110538899189314,0.010665335582424128,0.009818702890728857,0.12166856767640838,0.004427548485412044,0.009702333905380712,0.05313884577536976,0.011478184334865379,0.010100352062289613,0.46180790271153943,0.012901592624645733,0.0037454021364864798,0.010039576657437401,0.0076760790894161365,0.00405435108053636,0.0829059608963985,0.040616062602755625,0.12011584716035796,0.009952402410964498
16,0.02720266244686738,0.008336955655418296,0.007608731884300121,0.005369314166428459,0.005980586154096868,0.004201070067218417,0.022081385883089843,0.004968756555951721,0.007075361993174811,0.018806884706682087,0.017133007556661587,0.010923206085628244,0.006521203906024468,0.007807905343771027,0.015214275681522135,0.5184066212877456,0.28730798408777886,0.004302561191707262,0.009431866655495356,0.011319658690437528
17,0.009440352095118945,0.012699688325388642,0.0322883963247719,0.008015221266284194,0.0120923582437885,0.7635462670503541,0.01061799589398169,0.0074783213913292255,0.013757487520622988,0.00482277521620715,0.02642033852924469,0.010084565924699238,0.00337992935790247,0.013874001371708952,0.006672896623561992,0.012527305837891555,0.004853053752927879,0.019182443546289975,0.015953568031393667,0.012293033696532332
18,0.6707337072428242,0.004827546427023556,0.00475070016410437,0.015261288934583913,0.005816685555359403,0.23780978931188515,0.006188877157970635,0.004199912134975212,0.003919603510617879,0.0018329638508888639,0.013280425280997219,0.005003684416248485,0.0017946753825278151,0.004661359440400654,0.005799333549791004,0.002174813799461798,0.0022880568044664567,0.0017420367701808318,0.0025626118132591248,0.005351928452433384
19,0.047722474103735944,0.013490447844400408,0.012639951105040348,0.015895698456237988,0.017572330632319607,0.009492069309119663,0.00977629321268527,0.07014212291717621,0.01407923505227185,0.005010837084391155,0.022217016484349938,0.013427627144028148,0.0042884753084849285,0.01370997850886885,0.007352974935644252,0.0072766527232476655,0.6693344329831824,0.008303025078670354,0.022968200386695295,0.015300156729449751
20,0.006558040241146107,0.01509675182264148,0.012254044905794806,0.011092607951719282,0.011901037792128354,0.01119412207232405,0.01187515522927117,0.009011683362098054,0.010486750580676598,0.003591182961015642,0.017043769748516388,0.014223501704643196,0.004755850022462784,0.010756093686546753,0.026497906862915043,0.00897984225483076,0.007200575993113762,0.007750287521596619,0.7848403155295903,0.014890479756968842
21,0.008875666531015363,0.011829715187459533,0.00700292016106286,0.005915816662328208,0.014313440789988799,0.004178422923193748,0.004249979195074547,0.42154375897787766,0.007108987597207127,0.1622771774107306,0.019390201787705123,0.006844956184789129,0.0011070762207268405,0.005720727235711483,0.001628843565121995,0.0022733366534556103,0.0026641832293552714,0.29465732167865416,0.01144806105547051,0.006969406953071554
22,0.008931317138648932,0.011249889496678536,0.7026324330377537,0.05103651640474974,0.014529251505748604,0.019125242247523776,0.013334599071458654,0.007746373919990424,0.01297998702785366,0.004591571638879347,0.023199587386991877,0.021725698510586932,0.008035427986527018,0.020681823385553466,0.005501721618777826,0.006127710310852713,0.006866405241813502,0.009010564383627994,0.01699730916325477,0.03569657052272842
23,0.02230905213311128,0.008709075112887413,0.02210633930149297,0.008863371888360762,0.0419948415421591,0.005807024284201087,0.01018930109886309,0.1886332061954107,0.01270045525191499,0.008739163864273364,0.03278422370914817,0.010332034751771803,0.005188600845969758,0.017114584475430534,0.004547939859655045,0.003658994064268615,0.035187072021162946,0.5326468014591857,0.01625676180226436,0.012231156338468293
24,0.019314040067792953,0.013661275657340306,0.016577607017878117,0.013542336095598633,0.01784868251849152,0.01611073066412169,0.016322492097546177,0.18624075300909673,0.017707527634518383,0.01910071164947093,0.030509325416408096,0.01509076188660125,0.00852083601295983,0.018141471771465422,0.00789321767685363,0.005997473158038252,0.008092476280365033,0.5299502376762399,0.024373927682741808,0.015004116026471245
25,0.007843136633077986,0.014832259118788646,0.015854264275182887,0.016827968770700478,0.008196977433754938,0.011053377237520262,0.014345840021061257,0.02976091874304364,0.017160954900230133,0.6881183271222574,0.02674346068461934,0.018572602230025662,0.003080481594932344,0.013423490060289688,0.005964786277687755,0.02087378691319346,0.00801124287846443,0.03122150048170676,0.03131034343186719,0.01680428119159577
26,0.008139288334116075,0.022408742126820026,0.02634132378371215,0.6584991854142546,0.015769756427124217,0.033450122774589634,0.00834133685341529,0.010608388027533085,0.05303440540053369,0.006302153815285805,0.02546440812008167,0.010230356854033068,0.00462784365798537,0.038789490845611396,0.00813369294481917,0.005160269586660123,0.005646608421239462,0.02052160464370626,0.026806061666834538,0.01172496030164451
27,0.060526033130707,0.008994179072957955,0.02747390486924585,0.011189875773046172,0.010427728916205456,0.05245820830329038,0.22561834337072784,0.1345648630737389,0.01720236383764637,0.06572625256999615,0.041834439769415144,0.025629206931676567,0.0060490475380408125,0.016575939546088533,0.02092097534109687,0.03991602559809782,0.04394733644454441,0.15609736437919317,0.016249708033673323,0.018598203500611282
28,0.3061200671727546,0.0065520189021856775,0.011539977663343715,0.01789085816829798,0.006980953488563551,0.3360406014866353,0.010158724161129791,0.0031466814826379354,0.006805957576223695,0.0018109642562647882,0.012100136483846386,0.015558687477032576,0.005854680099143088,0.012125576877538609,0.009927131806727931,0.16300274944519433,0.04383590761626898,0.011921515153053263,0.011679895560142902,0.0069469151230149686
29,0.05120643589516685,0.2020227383546858,0.004579304206883831,0.013299875036479948,0.05499734118173716,0.05619064166318038,0.0011903125407304053,0.0012399948977863285,0.0027931263428103473,0.1821088873873777,0.011458815143334744,0.0024683481517104072,0.00039596419692015185,0.00400787057461026,0.0005007586629167253,0.1400339138258866,0.19152495615556728,0.004768970580070861,0.038408346029928625,0.03680339917221559
30,0.00630456162770836,0.6916928083160233,0.012066816777275292,0.017719517262217516,0.01825395834677392,0.010773452275644699,0.01896952323345347,0.010826439569633951,0.017009262540468185,0.0052714326829916116,0.027392896515944207,0.016660289132648613,0.005385759253662169,0.017975153951694942,0.016538518327390474,0.03128223176510875,0.010107761473775284,0.008286154306156366,0.01604865922059004,0.041434803420838856
31,0.030537443532856905,0.010344309573301206,0.01474890911622414,0.0059362058384976905,0.016823648959600267,0.0034152430661589564,0.009248628194105542,0.03676765404976325,0.011224084728326304,0.021904891834017687,0.017350636954967337,0.011077859854696781,0.003528469452304131,0.009913246518637037,0.0037351778890765863,0.06104116983898125,0.15680275354209175,0.5506482760230759,0.016091552819190797,0.008859838214126534
32,0.02214127337298619,0.008492752981754685,0.009351301969994714,0.014223451197504865,0.009324405385658792,0.006252008532209814,0.007418748267663064,0.015237084192166387,0.009690014145893036,0.003672939806216311,0.017628253189581958,0.008646203074302212,0.003421452223873221,0.010113418901684608,0.004153958749687132,0.012577123542688884,0.803845773949384,0.005479287524355816,0.019369845797193398,0.008960703195200955
33,0.023480979841703636,0.015339562477734327,0.012050106811098348,0.01666255093655811,0.011163548611038738,0.01223613323077128,0.012167337080166768,0.016963224008277853,0.009990010318571487,0.13072447634177742,0.1830593331798643,0.015197577969878598,0.007426411320354698,0.01004883698426194,0.005069093117367657,0.005992317985566309,0.009396430561965199,0.47390409095864233,0.014444801911231079,0.014683176353170022
34,0.011690773018949897,0.022056242523484978,0.021057828349335134,0.014176176402838721,0.014145767415286606,0.010206889556760636,0.03686120452281142,0.016821268419491144,0.020603673199380706,0.07729771135052053,0.5831526132425827,0.01885811625346504,0.010621306030733099,0.019231786530849445,0.011336454702951235,0.018457102288154822,0.03237948382026072,0.019989808158291638,0.01805171546994856,0.02300407874390295
35,0.3275411778849205,0.03701636859088501,0.01171944442520041,0.0025658477695578007,0.015394346488538766,0.24498746625789788,0.006442914246928788,0.00850740190938406,0.01061425265477421,0.004380552441488323,0.016269176355845596,0.011485190910053995,0.006587983816174043,0.00925532009249256,0.004276111000945966,0.19276988897564437,0.037057348607194694,0.01263240208363091,0.026230053268807133,0.014266752219635026
36,0.025652439383359732,0.0268545599984151,0.013730218007013836,0.09730600437538987,0.026529392655060862,0.0058343201529734755,0.15473068984671276,0.06045476501438705,0.12103277277829229,0.006759274942718991,0.08073725913918728,0.01682431608981884,0.03372411852361263,0.11119053551037887,0.07064638248791814,0.02384647012992057,0.047557858937320174,0.0073857121629125055,0.04999355753395956,0.019209352330647408
37,0.15704741179550058,0.00777524126079962,0.1457695672455245,0.03648674488216395,0.01574656870154028,0.22642044308872952,0.008797809239942805,0.005901860587021542,0.012906881104725177,0.03306531575837327,0.10316561963504421,0.090279433035838,0.0020410216774951902,0.007690523530984264,0.07118559505014162,0.02944752758399362,0.00958057499910496,0.003678945157540191,0.009676250841823787,0.02333666482371287
38,0.028270683636688155,0.01987598203132807,0.01782739730869271,0.027788322742124033,0.017558360058262498,0.005736772422080216,0.016092846107772462,0.013239172069017984,0.523656443203503,0.01066829967358439,0.04191435994584944,0.00932020533262626,0.0037710390112218133,0.015595775892282513,0.18067791623630336,0.004391659145359237,0.01829271571240086,0.01370219657482942,0.01606003931617078,0.015559813579902765
39,0.005546586301288525,0.01993333975257236,0.0183820166699975,0.014628447815856012,0.020805890859046983,0.009964686486822099,0.008978602444122885,0.014685562974868805,0.022844305201217444,0.027748160624190592,0.028324864909807273,0.025675861516797394,0.6503857303777599,0.0057147520342945264,0.007350240995236397,0.053807155646174165,0.007448279367837881,0.009138891513356612,0.02763029766691841,0.021006326841834223
40,0.03448659830435605,0.025715907719369536,0.013902298950501693,0.013365410785217227,0.017878605664096884,0.008988405220120411,0.01045823132197101,0.02331369086964918,0.032089830444797095,0.005683264881063919,0.026534872325653533,0.012661783966187402,0.00568130543326251,0.012805080144763892,0.008352851634528983,0.02464265375573654,0.6714235214315706,0.010007780741522187,0.029031157676272065,0.012976748729359366
41,0.017294341509732077,0.006777794880571731,0.011998304338461788,0.006772231033176666,0.22325386542961076,0.003084601974112489,0.00797514290795027,0.017996182645206766,0.009174979895004319,0.06141150858585931,0.04063449289824686,0.0070062977884421535,0.002667053729351651,0.008858232862659599,0.003411847876455043,0.003807956495241354,0.007766907469444094,0.5293617110614601,0.012620349057596417,0.018126197561416504
42,0.005618782080888943,0.013413382121491827,0.6909328273384626,0.020198630568716274,0.017166239714195952,0.019659740006828238,0.009143095933606255,0.01099825800862414,0.015712825231842958,0.006270570956209067,0.03296242748470326,0.06814811566767949,0.0038747163139678125,0.010995578008924568,0.005105291210470261,0.005173234026907514,0.005864835652148814,0.014426993197077709,0.024607126073163583,0.01972733040409076
43,0.005618989432270516,0.010989377812077447,0.012099834181472625,0.015350561489853904,0.02520027640124405,0.006891799970954817,0.02177147522122593,0.39715729384253673,0.02271715385976823,0.1926357910374229,0.1297025364609167,0.016565051045094835,0.003533998094684371,0.017535247490169287,0.008361165700816894,0.004948577669793386,0.028888432569887157,0.046921378335528625,0.02187385087750306,0.011237208506778609
44,0.019069768800115582,0.013735175112786399,0.03001965913743765,0.7088821123467618,0.012697435664356554,0.020366563449186127,0.008473652294102893,0.008427690119670345,0.030066698147860046,0.011720188057089123,0.03432562851130538,0.008406278910829212,0.0058790474007447404,0.027017076443677315,0.006119045776557884,0.004084587341551978,0.006476573612594503,0.014206586235128797,0.020498622124484337,0.009527610513759187
45,0.008910256366879867,0.019841978358151838,0.028633941379386893,0.020282173972208405,0.012136774176655122,0.010126866301979417,0.024296306444261267,0.04246046533254238,0.01681041202972129,0.592901433459985,0.04523367765570117,0.03584301497157649,0.0067982359023303915,0.014789181721643794,0.005955477204705126,0.03592138357252705,0.01298337859307523,0.018163255763983605,0.021788784959395267,0.026123001833290273
46,0.055392083673413715,0.01419853218910337,0.03818405343319627,0.053761120593099565,0.019676230603635752,0.03229623161319558,0.010129945460685541,0.03471758930092528,0.024481765981194423,0.00813913373773907,0.022552383351026595,0.011529425016220613,0.0037738092449364226,0.012485715939580746,0.0064408545530934115,0.02604360583640936,0.17332483579052696,0.4115628067738146,0.025184468153097855,0.016125408755104806
47,0.26417621965639065,0.003236572079944367,0.003965252238841377,0.005685434230292042,0.003867891344089639,0.1132132217090353,0.04286414708026239,0.022147430002359997,0.01560533914330021,0.04350726147778266,0.1788738699752618,0.005940898325415285,0.0008312755440373292,0.00677161360966522,0.04447750344406395,0.02737019869537492,0.1194897574539333,0.06288348384247942,0.005633656919843556,0.029458973227626615
48,0.11303261924296855,0.019651262625174724,0.016803601444007346,0.014112219161770816,0.018595028643959323,0.007529480527668451,0.01078017792418806,0.020093786574456537,0.01198495006824925,0.01885243522541014,0.05476801336805995,0.014027696140612228,0.010131794583521205,0.013593287068175891,0.011002848760014778,0.07828417698022481,0.43283913391545675,0.09068918549292344,0.024812131572202172,0.018416170680955548
49,0.012451012008003859,0.011809211235545352,0.0050786626726305436,0.0052729529050050015,0.004358077696322118,0.006141621900101743,0.005450558942072061,0.16421070301997995,0.017487368138470575,0.00810540367978234,0.16085017077583327,0.008263017124042975,0.0004788073781110168,0.003917015895865435,0.15660615076468595,0.15791221054995472,0.08293882716803261,0.14376802446509,0.006719695979306939,0.0381805077011635
50,0.3312639933818288,0.013238500587298689,0.012522636315034197,0.009096474872062487,0.05910016862618766,0.008376235771479971,0.006428981768145814,0.015267876962471831,0.009962110386573382,0.016383242538207797,0.020362051564073943,0.009636697675021302,0.0016346244977457046,0.010350751468293192,0.0033837791435260937,0.003043735199738835,0.007941121050215149,0.43786029704628243,0.01596668689459566,0.008180034251217045
51,0.027427958030671776,0.01997954650843385,0.017581282562297018,0.01963012261922911,0.0174370569054137,0.04233163204121792,0.06218855799705813,0.012293948704236645,0.014092260363353636,0.013360846336772793,0.03728835701244273,0.020362597759551977,0.0037326823971528932,0.01681869926623675,0.011661047871185964,0.4720514906966861,0.14042849892407808,0.01351213631575227,0.024849276945279695,0.012972000742949021
52,0.005189878239700044,0.011362707969727865,0.027520475937623332,0.00846719426941561,0.007362330127457388,0.17044046488488265,0.08144002570539212,0.01270385535557809,0.006832144647149401,0.002754887318386911,0.017947430452773586,0.38722270730212155,0.0017917583539342537,0.1421776823226929,0.004224138536136095,0.03771840810236787,0.00420379411365708,0.006354859761839332,0.022997353386428318,0.041287903212735656
53,0.004704230240639489,0.02787772023684505,0.012150037373592498,0.008909646090771498,0.015506073393179429,0.0034638510647751874,0.008399962943584688,0.008436361075609128,0.008940078448987601,0.3892121322162727,0.43083701187164286,0.00927193110895567,0.0030250905258629515,0.008480001445918683,0.006474168255905081,0.0037390243365134656,0.01721265548813923,0.012116769912131354,0.009255750480724698,0.011987503489948675
54,0.7445747845169169,0.01173629458074023,0.0054646499081814764,0.012693065572749454,0.009837508643480155,0.008479110729274696,0.010221150426797589,0.010055932770933093,0.01624800071737746,0.004722138466297434,0.02576556454485647,0.013791960258790717,0.008481076750295136,0.02057649620436733,0.004611126501758077,0.005257889223366591,0.025984478794308524,0.02822802894584939,0.020423068346142426,0.012847674097516719
55,0.05381024117754113,0.0809731437459225,0.010775179555451058,0.11478894315321335,0.003317829079183647,0.005399384187714521,0.014006551199248792,0.0072722877142771215,0.023326285135938634,0.03795025720839835,0.017740665282175865,0.005067209795414254,0.006392984555044993,0.2848514196971188,0.006341747475190848,0.03615363921102397,0.20043483107463592,0.06740500935668942,0.005686381123362667,0.018306010272454102
56,0.039565853435418526,0.007224863739942087,0.009249689987259904,0.032827310493688255,0.008904482734397118,0.0044486902449598275,0.007492676936306769,0.37699039170863213,0.01456163306103912,0.0036094851015597167,0.021251710715341602,0.01460228280183179,0.0030865983812283383,0.00971474792150936,0.004719841129436239,0.002745797506754562,0.007959411608483428,0.4061492376921992,0.01694171021903572,0.007953584580976404
57,0.0364374738785393,0.009973908018561094,0.01394619241766113,0.015084247821668137,0.0162217663476487,0.043485334472293136,0.01035806164930597,0.01694131185046181,0.04549954622072414,0.005995697833282591,0.031946222464512126,0.01104539401928153,0.006141797330980974,0.01086471988692926,0.6668950771304135,0.006148082896103424,0.009600604068046019,0.008582403424436792,0.02198124314598617,0.012850915123164127
58,0.10764648121215677,0.0055326270739667,0.043290869845142625,0.023403786135100173,0.012226782971512827,0.06767439976779975,0.06895737421452189,0.008419115345905599,0.005253637850887724,0.0024235776985247572,0.009062153479209962,0.06585922112508628,0.0035959582635539922,0.03713824995669501,0.0037791107258450273,0.4175043756187282,0.06464450579984872,0.03528648659362259,0.008897597048531653,0.009403689273359722
59,0.009808329353538666,0.025990271897681976,0.015112394827804285,0.014824435972534885,0.1508336021871071,0.006572245953225131,0.022261401112624955,0.01161212854502256,0.013270590163055254,0.006853723002576252,0.027086947384509286,0.024130396549253794,0.006119865685940865,0.014297620882190247,0.0062743118578213975,0.007382224214998082,0.007587731602082745,0.01002584341730292,0.023994055177017543,0.5959618802137121
60,0.007178597965380958,0.6759975776278688,0.015964050903904525,0.014237935928631013,0.014840944288953212,0.010472906367505884,0.015438344817069696,0.014373922123647553,0.017700247673370563,0.007301826140123427,0.024226809320222198,0.016002160727769565,0.006814408625460861,0.01294003378430872,0.049112589839542364,0.01003783034542228,0.010712954449656103,0.008516573022520726,0.013588803450245832,0.054541482598395814
61,0.006198853914803411,0.03793751639530717,0.013729294601593507,0.013971674531497358,0.07292265357119125,0.010847377641186,0.026881317227755382,0.022539312142262888,0.014126872312450287,0.08626409551197106,0.035168975660737845,0.023863948983318468,0.00200032446078827,0.013225119164912416,0.005284293367592127,0.005135120862938971,0.10322775499192256,0.055283021828840206,0.021060584886152988,0.43033188794277777
62,0.05293662527066253,0.05208733245461842,0.19162268185149664,0.33142316022504387,0.053539521590670845,0.017338176740391033,0.01834869387050932,0.024749829878928858,0.03808001835623028,0.0049245179560438125,0.028975076171803088,0.02260663793602874,0.0021385247198722744,0.019443601027611095,0.00521771154782236,0.055767859211527694,0.011151163353021229,0.01935563636382405,0.019404023715688022,0.03088920775820589
63,0.5318712500408765,0.0211985772092505,0.020664988232887736,0.011982632436952481,0.02242449410705902,0.043581053959703804,0.017267939023553117,0.026505102117025888,0.023033122683169354,0.010257449070014949,0.041412578286815376,0.018765381854788394,0.00427246778776316,0.022266407800313623,0.009416640119538819,0.045892454591026456,0.018672916124852623,0.04826933123096413,0.0384600060618682,0.02378520726157594
64,0.05438906011423388,0.008016450982849132,0.009872548989068827,0.011333603597309144,0.05404527990553996,0.024395256362990378,0.10880387030850834,0.009146419894741971,0.03399467389595868,0.0803511915925862,0.0129184765673339,0.16166951588671194,0.005970492104486251,0.032133573711193346,0.1917083649559638,0.12414871466940273,0.029560091404118596,0.01160970735192146,0.0088890808482054,0.02704362685687611
65,0.006927202396524883,0.0070587371900915135,0.008599624916087506,0.0055182142522353485,0.009084179684197254,0.003481525671811786,0.009039788727476157,0.2709932198972969,0.014481277104151013,0.3444391064236198,0.041999229883952445,0.006880886463068408,0.007598630619613765,0.006354662534108507,0.0030283248073748204,0.004365285127923345,0.02045611795636792,0.21301101236503084,0.010405638158284642,0.00627733582078317
66,0.18147706572017885,0.010637709464683327,0.009611925321288474,0.015756171783543344,0.01612474330239787,0.016748455998196052,0.017492634505491357,0.05940596756140315,0.08455494717773078,0.041323228745288404,0.010442089741382637,0.017749867846425484,0.02153304627131425,0.0051775567543394085,0.04233022862035424,0.25617641157557863,0.015534690039399016,0.09010597810934211,0.02517238414747196,0.06264489731419066
67,0.0732701843887239,0.008997916847028106,0.39867977943445215,0.13309710419991713,0.011689178844092492,0.025568566459356287,0.03372681414651777,0.0073662325125975784,0.012708428650254277,0.04815202209527155,0.027571303418958425,0.06579055805369917,0.001331189938871249,0.017497855995100016,0.006810257838139068,0.04962966307421515,0.0033431832206130886,0.02485873949561096,0.03730730269911336,0.012603718687468289
68,0.020206623378683102,0.01816498255396343,0.008564530104071558,0.0053292233394090826,0.007988135534054898,0.001933474341787991,0.004307222537992816,0.13020896180239458,0.006460458273442685,0.03925869543464431,0.16333557016614283,0.003914526533967757,0.0014353554335557177,0.009966873220705573,0.0059515339850550785,0.04316736851337052,0.38113415739684964,0.11000944911954463,0.033093679856688436,0.005569178473675291
69,0.11309627759165419,0.10466001058120604,0.003380845677203967,0.00645227626200253,0.009769361657841693,0.020341285206871566,0.026074232441008306,0.03823853434167241,0.006691397380310281,0.06087505649393021,0.02442337309302477,0.010859347760333106,0.0012444127815219013,0.12587260588901178,0.09362778680807986,0.02588278363826782,0.04263049898055301,0.25721762012094534,0.014801982834226629,0.013860310460334634
70,0.02664149405972591,0.02299619743997651,0.01607936986632173,0.010888277936343171,0.016285059642007448,0.007476462038653067,0.01255686132372275,0.025689136513296237,0.012097577741755986,0.02054773555102739,0.01791101800059843,0.02447577929279418,0.01393350984492378,0.016113763949336005,0.004779590510532813,0.5390434355943402,0.0880703021335229,0.08055461653067461,0.02837997901965997,0.015479833010786932
71,0.051312561017948365,0.011918340703439325,0.43449133316083427,0.19399026980702785,0.010212316669519063,0.02049268798592838,0.020776675937946902,0.015821043224429985,0.015219913544094008,0.05025901986883665,0.03270824281663715,0.04352665953978004,0.003107025116689553,0.019862502475654267,0.007155310400480481,0.014909835019394005,0.011488648028124064,0.018293369268509514,0.019934139656718326,0.004520105758007822
72,0.11235947134333994,0.021697866036164404,0.014867757673794835,0.01121586015171922,0.012726966176257,0.06441729737301867,0.017925003885490662,0.013057859619631134,0.011509784575445136,0.004847538674825469,0.01611319492561542,0.04349564196449441,0.005815634072335899,0.015130894516771699,0.005785348939486912,0.56254627376072,0.03159054341718944,0.007608094534969352,0.01437629412659873,0.012912674232131821
73,0.017452500395282854,0.03378794422237492,0.021009723734082848,0.026374760626881866,0.018660273271987753,0.01247354911661116,0.03948546338133138,0.015152231211997276,0.21818456352599444,0.012406804633866559,0.04181660836788361,0.018163488867612317,0.008605532952520381,0.017539208353877057,0.39588847748569544,0.020336773112299898,0.01675479789068639,0.016486501449629317,0.02872640944253031,0.02069438795685428
74,0.012425473588681705,0.6447608077315636,0.024387931141841623,0.021010890735427435,0.011683649730528448,0.016133682876743684,0.013501016554265902,0.014365878836776645,0.021324413750519588,0.006604416140366404,0.03222388672905152,0.02064735087794986,0.0049326415611914394,0.022284931264072605,0.02214325192677388,0.017468350475026678,0.008874548640705101,0.015457704861079044,0.034209347880061414,0.03555982469737342
75,0.008320498554674436,0.016979617946704842,0.023799031404640975,0.01975062985392829,0.01809316300562848,0.010439015966914942,0.008582266988080399,0.01182564276526287,0.01651586719782339,0.030533094040298286,0.03107339329595346,0.01722796361126868,0.6778980601592357,0.006888853779264883,0.005749627435344987,0.034723208924834555,0.008563038890468331,0.010801179645322326,0.02754160031444759,0.014694246219902585
76,0.16222637838211654,0.018194299684883265,0.019736680168121384,0.013946873251318501,0.011145121928407277,0.013261208612503432,0.007758585268675458,0.015649496283117275,0.007456696443851615,0.004364027252443756,0.017295895993410162,0.007500500322959634,0.005022883125419413,0.01361949480789913,0.007251310250267619,0.24035080733051592,0.3882141084899437,0.012899685144572648,0.023689685852308223,0.010416261407265115
77,0.024727824746406415,0.013126816419262367,0.014392518326809836,0.07608738751842116,0.01394680144835479,0.029039103853402484,0.015949877335800333,0.0113902116411766,0.013290531981782386,0.004914338410622302,0.05086123112772135,0.04558341011854575,0.0020136702816930863,0.603319349241782,0.012446879728841906,0.017012943123786615,0.004732534871274165,0.010094041404939249,0.023195709274535986,0.013874819144841384
78,0.005885846743967583,0.015011654093767179,0.019906304148476463,0.014127109040103494,0.011970983904588202,0.7715751287434834,0.008986405713636705,0.009613623218546967,0.014493883224078095,0.004766847991349114,0.02050265116482354,0.010151700595610304,0.003837889950998298,0.010423312183507331,0.009623391872799812,0.02120840599097018,0.00592858839430227,0.009479298351112544,0.01788512605021275,0.014621848623665569
79,0.02923243220987094,0.026338423576581227,0.31418874584763495,0.2488089475475491,0.02173940991699987,0.018825583260735978,0.019427523475030625,0.03150705711158036,0.026725644668680364,0.007758829536375735,0.04004527252573805,0.025439651684185077,0.033549523057546604,0.021997319341590493,0.013294213393624743,0.020338065063304336,0.028897369855178056,0.017605708159900903,0.03935607202264261,0.01492420774525001
80,0.29077073746017174,0.02168044086912309,0.005506969944803081,0.015961101395325236,0.02971131045834113,0.2536363212637845,0.017424766561313077,0.03316008751537046,0.04230252429108572,0.01043894395762772,0.04448748138324069,0.02540445752134583,0.06903231625549035,0.02169632698752316,0.01191133969181885,0.005222110077147449,0.0169103474779142,0.023883617446409686,0.031031428627980334,0.02982737081418373
81,0.029179177228209837,0.015025913276474318,0.02938395933398319,0.025566636868670858,0.015104866994941032,0.06263212132160788,0.10861205775576598,0.02855653423932311,0.01722584601300077,0.18242547926518193,0.0248320461206622,0.03796635384192695,0.00608378867808096,0.015152375433985997,0.012055071320293194,0.025812917396792322,0.10941743790124037,0.031082092883038804,0.010712843019687196,0.21317248110713316
82,0.0049898402991805655,0.023543463711607426,0.01713563642862621,0.011782592180674753,0.02887886888268952,0.006436567646026722,0.07341769799383029,0.34288905595729524,0.01688751341302981,0.37120968155510364,0.015442570161712849,0.011457031904296288,0.0049270154510072835,0.0068595004216425795,0.0030587630810409785,0.01785766808469741,0.010257813951671824,0.00899497069976237,0.015805440192888844,0.008168307983215356
83,0.16399643888099594,0.0033530346574731605,0.14551411726140304,0.07797536604324073,0.004136896890138922,0.20980917894315473,0.012291611691544019,0.03563379173157619,0.004364854116680894,0.048779587900291736,0.012179001577441798,0.029086494153707437,0.05951104238449967,0.04736895308545603,0.0035540696762434085,0.029344679875414257,0.05349869018650121,0.04015400891853915,0.00666906324723997,0.012779118778457678
84,0.032418133087024244,0.017881091575111436,0.008485037654876898,0.016637653379437928,0.016766947631501928,0.04996844731606644,0.07512361991551886,0.014445065420222567,0.22247643053305244,0.01479742299078809,0.04875941219893922,0.05541238558695701,0.04976251312836092,0.08658036811313631,0.177640951287542,0.03816555604623292,0.010792281241825146,0.029209751120777092,0.015116279658659018,0.019560652113969495
85,0.00964946024470833,0.03866386448903895,0.010510430919226522,0.015421010546235693,0.007195010227894728,0.02006893644131742,0.030225896148765256,0.004718389335487117,0.01211318251361824,0.024771515193319712,0.293397140313034,0.02362437871219014,0.001514209576470343,0.2886722270642809,0.01507649318177677,0.030208104304570323,0.008592484871260924,0.14026078357161484,0.014594848160672929,0.010721634184516902
86,0.09565479712988238,0.00546528937306259,0.013102383142917238,0.021654649429957585,0.005861275760623401,0.052487283231830634,0.009830345119416608,0.12041889724330357,0.00913427989389028,0.05884450507960202,0.010947990714963572,0.00767323611251525,0.06147319981923727,0.15293936056326865,0.1911906111758078,0.13071926626177632,0.020278761988452954,0.0064160388826273234,0.00892832870622699,0.016979500370637588
87,0.011029248678618264,0.012559479514215497,0.3665038424172124,0.11182778239735587,0.012110169799172232,0.04636512075016114,0.01370507009573717,0.010386877591681885,0.01840445972655291,0.005054525280082825,0.028856171193867877,0.08593589190155874,0.002051989754398871,0.021957770546750955,0.008624626353075095,0.1990485336102958,0.007319009236037973,0.011090754349329768,0.018185984845423706,0.008982691958471048
88,0.04110556874889854,0.009664597559079618,0.009340896942126397,0.04746362480091173,0.011220096748588542,0.004575214515789208,0.017751149050760074,0.08010954764184601,0.032007124851082626,0.036132062720253,0.026002977608709458,0.1808435475619127,0.10005176575017445,0.031383529609522655,0.022215226367126143,0.11865884797298393,0.12103497087806257,0.007367687550682199,0.022987913066779147,0.08008365005471099
89,0.18137750770525793,0.03613451954436924,0.038364811988752086,0.11141963006948402,0.016538472402650863,0.009893126910300394,0.026219243287982297,0.009015224529797916,0.011224740161111293,0.05680733714578134,0.028153509619450578,0.02706267202417891,0.0043687688370133565,0.31495964278824945,0.02445063743313577,0.0176150091811963,0.01086043232510695,0.013558167940203767,0.0401140342906648,0.02186251181531274
90,0.018338355190129264,0.045788749394619015,0.03983326760833925,0.02616560040463016,0.022039447359680813,0.017115194229386208,0.03668466026109266,0.023585441299559372,0.023087114612529103,0.015179722156438128,0.045621006022949794,0.04751404735482471,0.011791638592771872,0.020266980785116667,0.019218483385931927,0.017564030761996943,0.019271311907418723,0.021195425799653986,0.04045579219541073,0.4892837306775208
91,0.049338152897654884,0.03391502201495509,0.011986227092960792,0.009559742628018968,0.12467046441588565,0.00427867911773172,0.03188245904668552,0.2311188362299247,0.02518963178514237,0.13946270371693426,0.02744149581529211,0.028557909874843173,0.0016409047421328171,0.005832938600914522,0.002853863893833953,0.008799108932728547,0.02441812953433477,0.21812209533764512,0.012978226392463876,0.007953407929917127
92,0.009562357908577016,0.5796948877656369,0.01925510619808706,0.02494447182664904,0.021333270675710236,0.017023420576659166,0.019132055780144357,0.014629574956184749,0.023884273924294933,0.008493487308488593,0.03598187754932935,0.01927868684562806,0.005109747075109154,0.02914187777943671,0.03202520673524382,0.02354056929418892,0.008402627713622013,0.010682972305960603,0.047325645543788854,0.05055788223726044
93,0.038175587870280935,0.039612594949475756,0.014822469513143928,0.04222708609168602,0.022792592920939967,0.09143124735809377,0.026690468061257227,0.019435956332375992,0.38675925981661297,0.005827626266632279,0.023155196226793823,0.020511812833854757,0.0018640731790569715,0.14585452824324077,0.01373164891225328,0.008262184340984064,0.03678953837615862,0.008784078244007973,0.03863448699545534,0.014637563467695527
94,0.0734076050559864,0.01867871437781278,0.022473259039614085,0.0586669264654037,0.017021377161499613,0.03804783358022926,0.014029533765573199,0.009420610496310232,0.03499058393698889,0.02826520605495944,0.021654092735127747,0.013878039358642728,0.0041065062003658,0.012020807008563108,0.3014424491797986,0.20645589928402427,0.02680908939296789,0.03793417443144693,0.039115706611012484,0.02158158586367293
95,0.2506738488266829,0.02981327837612245,0.01661852599084414,0.019484521698683713,0.010962200983041737,0.010986023437581682,0.01823202606919169,0.01953901589695738,0.040921264771448855,0.01751921135151915,0.032295404246947795,0.10157604628964494,0.0020043600686466575,0.03890593580136248,0.04151716528750892,0.05396722990491623,0.23212038801001822,0.017673667896305083,0.01763903378690358,0.02755085130567229
96,0.007149058749158944,0.009768807946293022,0.014937448925124894,0.018047018604729192,0.12256845086841654,0.00854896188597181,0.010410153107841174,0.01952268343928336,0.015695520015748504,0.4430142401691546,0.06830219121140997,0.018368977126136325,0.006452651976411895,0.012971025957798095,0.005913198469464858,0.01820160355160788,0.007477074265900603,0.10066695283665694,0.03812459554547933,0.0538593853474121
